0.0
0.0
0.0
0.0
0.0
0.0
0.0
0.0
0.0
0.0
0.0
0.0
0.0
0.0
0.0
0.0
1.0
1.0
1.0
1.0
1.0
1.0
0.76
0.0
0.0
0.0
0.0
0.0
0.0
0.0
0.0
0.0
0.0
0.0
0.0
0.0
0.0
0.0
0.0
0.0
0.0
0.0
0.0
0.0
1.0
1.0
1.0
1.0
1.0
1.0
0.76
0.0
0.0
0.0
0.0
0.0
0.0
0.0
0.0
0.0
0.0
0.0
0.0
0.0
0.0
0.0
0.0
0.0
0.0
0.0
0.0
0.42
1.0
1.0
1.0
1.0
1.0
1.0
0.76
0.0
0.0
0.0
0.0
0.0
0.0
0.0
0.0
0.0
0.0
0.0
0.0
0.0
0.0
0.0
0.0
0.0
0.0
0.0
1.0
1.0
1.0
1.0
1.0
1.0
1.0
1.0
0.76
0.0
0.0
0.0
0.0
0.0
0.0
0.0
0.0
0.0
0.0
0.0
0.0
0.0
0.0
0.0
0.0
0.0
0.69
0.83
1.0
0.81
0.0
0.0
0.0
0.81
1.0
1.0
0.76
0.0
0.0
0.0
0.0
0.0
0.0
0.0
0.0
0.0
0.0
0.0
0.0
0.0
0.0
0.0
0.0
0.0
0.8
1.0
1.0
0.78
0.0
0.0
0.0
0.77
1.0
1.0
0.76
0.0
0.0
0.0
0.0
0.0
0.0
0.0
0.0
0.0
0.0
0.0
0.0
0.0
0.0
0.0
0.0
0.0
0.77
1.0
1.0
0.82
0.0
0.0
0.0
0.77
1.0
1.0
0.76
0.0
0.0
0.0
0.0
0.0
0.0
0.0
0.0
0.0
0.0
0.0
0.0
0.0
0.0
0.0
0.6
1.0
1.0
1.0
0.0
0.0
0.0
0.0
0.0
0.77
1.0
1.0
0.76
0.0
0.0
0.0
0.0
0.0
0.0
0.0
0.0
0.0
0.0
0.0
0.0
0.0
0.0
0.0
0.56
1.0
1.0
1.0
0.0
0.0
0.0
0.0
0.0
0.77
1.0
1.0
0.76
0.0
0.0
0.0
0.0
0.0
0.0
0.0
0.0
0.0
0.0
0.0
0.0
0.0
0.0
0.0
0.62
1.0
0.86
0.82
0.0
0.0
0.0
0.0
0.0
0.77
1.0
1.0
0.76
0.0
0.0
0.0
0.0
0.0
0.0
0.0
0.0
0.0
0.0
0.0
0.0
0.0
0.41
1.0
1.0
1.0
0.0
0.0
0.0
0.0
0.0
0.0
0.0
0.77
1.0
1.0
0.76
0.0
0.0
0.0
0.0
0.0
0.0
0.0
0.0
0.0
0.0
0.0
0.0
0.0
0.0
1.0
0.61
0.0
0.0
0.0
0.0
0.0
0.0
0.0
0.0
0.77
1.0
1.0
0.76
0.0
0.0
0.0
0.0
0.0
0.0
0.0
0.0
0.0
0.0
0.0
0.0
0.42
0.56
1.0
0.54
0.0
0.0
0.0
0.0
0.0
0.0
0.0
0.0
0.77
1.0
1.0
0.76
0.0
0.0
0.0
0.0
0.0
0.0
0.0
0.0
0.0
0.0
0.0
0.0
1.0
1.0
1.0
0.57
0.0
0.0
0.0
0.0
0.0
0.0
0.0
0.0
0.77
1.0
1.0
0.76
0.0
0.0
0.0
0.0
0.0
0.0
0.0
0.0
0.0
0.0
0.0
0.0
1.0
0.76
0.0
0.0
0.0
0.0
0.0
0.0
0.0
0.0
0.0
0.0
0.77
1.0
1.0
0.76
0.0
0.0
0.0
0.0
0.0
0.0
0.0
0.0
0.0
0.0
0.51
0.61
1.0
0.77
0.0
0.0
0.0
0.0
0.0
0.0
0.0
0.0
0.0
0.0
0.77
1.0
1.0
0.76
0.0
0.0
0.0
0.0
0.0
0.0
0.0
0.0
0.0
0.0
0.82
1.0
0.81
0.65
0.0
0.0
0.0
0.0
0.0
0.0
0.0
0.0
0.0
0.0
0.77
1.0
1.0
0.76
0.0
0.0
0.0
0.0
0.0
0.0
0.0
0.0
0.64
1.0
1.0
1.0
0.0
0.0
0.0
0.0
0.0
0.0
0.0
0.0
0.0
0.0
0.0
0.0
0.77
1.0
1.0
0.76
0.0
0.0
0.0
0.0
0.0
0.0
0.0
0.0
0.61
1.0
1.0
1.0
0.81
0.82
0.86
0.87
0.88
0.88
0.88
0.88
0.88
0.87
0.85
0.82
0.95
1.0
1.0
0.95
0.81
0.84
0.86
0.87
0.88
0.0
0.0
0.0
0.6
1.0
1.0
1.0
1.0
1.0
1.0
1.0
1.0
1.0
1.0
1.0
1.0
1.0
1.0
1.0
1.0
1.0
1.0
1.0
1.0
1.0
1.0
1.0
1.0
0.0
0.0
0.0
0.6
1.0
1.0
1.0
1.0
1.0
1.0
1.0
1.0
1.0
1.0
1.0
1.0
1.0
1.0
1.0
1.0
1.0
1.0
1.0
1.0
1.0
1.0
1.0
1.0
0.0
0.0
0.0
0.64
1.0
1.0
1.0
1.0
1.0
1.0
1.0
1.0
1.0
1.0
1.0
1.0
1.0
1.0
1.0
1.0
1.0
1.0
1.0
1.0
1.0
1.0
1.0
1.0
0.0
0.0
0.0
0.49
0.63
0.63
0.63
0.63
0.63
0.63
0.63
0.63
0.63
0.63
0.63
0.63
0.62
0.54
0.46
0.86
1.0
1.0
0.85
0.42
0.5
0.59
0.62
0.63
0.0
0.0
0.0
0.0
0.0
0.0
0.0
0.0
0.0
0.0
0.0
0.0
0.0
0.0
0.0
0.0
0.0
0.0
0.0
0.77
1.0
1.0
0.76
0.0
0.0
0.0
0.0
0.0
0.0
0.0
0.0
0.0
0.0
0.0
0.0
0.0
0.0
0.0
0.0
0.0
0.0
0.0
0.0
0.0
0.0
0.0
0.0
0.77
1.0
1.0
0.76
0.0
0.0
0.0
0.0
0.0
0.0
0.0
0.0
0.0
0.0
0.0
0.0
0.0
0.0
0.0
0.0
0.0
0.0
0.0
0.0
0.0
0.0
0.0
0.0
0.77
1.0
1.0
0.76
0.0
0.0
0.0
0.0
0.0
0.0
0.0
0.0
0.0
0.0
0.0
0.0
0.0
0.0
0.0
0.0
0.0
0.0
0.0
0.0
0.0
0.0
0.0
0.0
0.77
1.0
1.0
0.76
0.0
0.0
0.0
0.0
0.0
0.0
0.0
0.0
0.0
0.0
0.0
0.0
0.0
0.0
0.0
0.0
0.0
0.0
0.0
0.0
0.0
0.0
0.0
0.0
0.77
1.0
1.0
0.76
0.0
0.0
0.0
0.0
0.0
