0.0
0.0
0.0
0.0
0.4
1.0
1.0
1.0
1.0
0.51
0.0
0.0
0.0
0.0
0.0
0.0
0.0
0.0
0.0
0.0
0.0
0.0
0.0
0.0
0.0
1.0
1.0
1.0
0.0
0.0
0.0
0.0
0.4
1.0
1.0
1.0
1.0
0.51
0.0
0.0
0.0
0.0
0.0
0.0
0.0
0.0
0.0
0.0
0.0
0.0
0.0
0.67
0.93
1.0
1.0
1.0
0.0
0.0
0.0
0.0
0.4
1.0
1.0
1.0
1.0
0.51
0.0
0.0
0.0
0.0
0.0
0.0
0.0
0.0
0.0
0.0
0.0
0.42
0.87
0.96
1.0
1.0
1.0
1.0
0.0
0.0
0.0
0.0
0.4
1.0
1.0
1.0
1.0
0.51
0.0
0.0
0.0
0.0
0.0
0.0
0.0
0.0
0.0
0.0
0.0
0.0
1.0
1.0
1.0
1.0
1.0
1.0
0.0
0.0
0.0
0.0
0.4
1.0
1.0
1.0
1.0
0.51
0.0
0.0
0.0
0.0
0.0
0.0
0.0
0.0
0.0
0.0
0.58
0.77
1.0
1.0
1.0
1.0
1.0
1.0
0.0
0.0
0.0
0.0
0.4
1.0
1.0
1.0
1.0
0.51
0.0
0.0
0.0
0.0
0.0
0.0
0.0
0.0
0.4
0.65
0.92
1.0
1.0
1.0
1.0
1.0
1.0
1.0
0.0
0.0
0.0
0.0
0.4
1.0
1.0
1.0
1.0
0.51
0.0
0.0
0.0
0.0
0.0
0.0
0.0
0.0
0.41
1.0
1.0
1.0
1.0
1.0
1.0
1.0
1.0
1.0
0.0
0.0
0.0
0.0
0.4
1.0
1.0
1.0
1.0
0.51
0.0
0.0
0.0
0.0
0.0
0.0
0.0
0.45
0.65
1.0
0.65
0.57
0.63
0.87
1.0
1.0
1.0
1.0
0.0
0.0
0.0
0.0
0.4
1.0
1.0
1.0
1.0
0.51
0.0
0.0
0.0
0.0
0.0
0.0
0.44
0.94
1.0
1.0
0.0
0.0
0.0
0.74
1.0
1.0
1.0
1.0
0.0
0.0
0.0
0.0
0.4
1.0
1.0
1.0
1.0
0.51
0.0
0.0
0.0
0.0
0.0
0.53
1.0
1.0
0.91
0.72
0.0
0.0
0.0
0.76
1.0
1.0
1.0
1.0
0.0
0.0
0.0
0.0
0.4
1.0
1.0
1.0
1.0
0.51
0.0
0.0
0.0
0.0
0.0
0.58
1.0
0.8
0.57
0.0
0.0
0.0
0.0
0.76
1.0
1.0
1.0
1.0
0.0
0.0
0.0
0.0
0.4
1.0
1.0
1.0
1.0
0.51
0.0
0.0
0.0
0.0
1.0
1.0
1.0
0.0
0.0
0.0
0.0
0.0
0.0
0.76
1.0
1.0
1.0
1.0
0.0
0.0
0.0
0.0
0.4
1.0
1.0
1.0
1.0
0.51
0.0
0.0
0.62
1.0
1.0
0.97
0.93
0.0
0.0
0.0
0.0
0.0
0.0
0.76
1.0
1.0
1.0
1.0
0.0
0.0
0.0
0.0
0.4
1.0
1.0
1.0
1.0
0.46
0.0
0.0
0.57
1.0
1.0
0.6
0.0
0.0
0.0
0.0
0.0
0.0
0.0
0.76
1.0
1.0
1.0
1.0
0.0
0.0
0.0
0.0
0.4
1.0
1.0
1.0
1.0
1.0
1.0
1.0
1.0
1.0
0.0
0.0
0.0
0.0
0.0
0.0
0.0
0.0
0.0
0.76
1.0
1.0
1.0
1.0
0.0
0.0
0.0
0.0
0.4
1.0
1.0
1.0
1.0
1.0
1.0
1.0
1.0
1.0
0.0
0.0
0.0
0.0
0.0
0.0
0.0
0.0
0.0
0.76
1.0
1.0
1.0
1.0
0.0
0.0
0.0
0.0
0.4
1.0
1.0
1.0
1.0
1.0
1.0
1.0
0.6
0.0
0.0
0.0
0.0
0.0
0.0
0.0
0.0
0.0
0.0
0.76
1.0
1.0
1.0
1.0
0.0
0.0
0.0
0.0
0.4
1.0
1.0
1.0
1.0
1.0
0.92
0.0
0.0
0.0
0.0
0.0
0.0
0.0
0.0
0.0
0.0
0.0
0.0
0.76
1.0
1.0
1.0
1.0
0.0
0.0
0.0
0.0
0.4
1.0
1.0
1.0
1.0
1.0
0.91
0.0
0.0
0.0
0.0
0.0
0.0
0.0
0.0
0.0
0.0
0.0
0.0
0.76
1.0
1.0
1.0
1.0
0.0
0.0
0.0
0.0
0.4
1.0
1.0
1.0
1.0
0.65
0.46
0.0
0.0
0.0
0.0
0.0
0.0
0.0
0.0
0.0
0.0
0.0
0.0
0.76
1.0
1.0
1.0
1.0
0.0
0.0
0.0
0.0
0.4
1.0
1.0
0.89
0.49
0.0
0.0
0.0
0.0
0.0
0.0
0.0
0.0
0.0
0.0
0.0
0.0
0.0
0.0
0.76
1.0
1.0
1.0
1.0
0.0
0.0
0.0
0.0
0.0
0.72
0.72
0.6
0.0
0.0
0.0
0.0
0.0
0.0
0.0
0.0
0.0
0.0
0.0
0.0
0.0
0.0
0.0
0.59
0.72
0.72
0.72
0.72
0.0
0.0
0.0
0.0
0.0
0.0
0.0
0.0
0.0
0.0
0.0
0.0
0.0
0.0
0.0
0.0
0.0
0.0
0.0
0.0
0.0
0.0
0.0
0.0
0.0
0.0
0.0
0.0
0.0
0.0
0.0
0.0
0.0
0.0
0.0
0.0
0.0
0.0
0.0
0.0
0.0
0.0
0.0
0.0
0.0
0.0
0.0
0.0
0.0
0.0
0.0
0.0
0.0
0.0
0.0
0.0
0.0
0.0
0.0
0.0
0.0
0.0
0.0
0.0
0.0
0.0
0.0
0.0
0.0
0.0
0.0
0.0
0.0
0.0
0.0
0.0
0.0
0.0
0.0
0.0
0.0
0.0
0.0
0.0
0.0
0.0
0.0
0.0
0.0
0.0
0.0
0.0
0.0
0.0
0.0
0.0
0.0
0.0
0.0
0.0
0.0
0.0
0.0
0.0
0.0
0.0
0.0
0.0
0.0
0.0
0.0
0.0
0.0
0.0
0.0
0.0
0.0
0.0
0.0
0.0
0.0
0.0
0.0
0.0
0.0
0.0
0.0
0.0
0.0
0.0
0.0
0.0
0.0
0.0
0.0
0.0
0.0
0.0
0.0
0.0
0.0
0.0
0.0
0.0
0.0
0.0
0.0
0.0
0.0
0.0
0.0
0.0
0.0
0.0
0.0
0.0
0.0
0.0
0.0
0.0
0.0
0.0
0.0
0.0
0.0
0.0
0.0
0.0
