0.0
0.0
0.0
0.0
0.0
0.0
0.0
0.0
0.0
0.68
1.0
1.0
1.0
1.0
1.0
1.0
1.0
1.0
0.7
0.0
0.0
0.0
0.0
0.0
0.0
0.0
0.0
0.0
0.0
0.0
0.0
0.0
0.0
0.73
0.73
0.61
0.61
0.87
1.0
1.0
1.0
1.0
1.0
1.0
1.0
1.0
0.88
0.64
0.64
0.75
0.75
0.44
0.0
0.0
0.0
0.0
0.0
0.0
0.0
0.0
0.49
1.0
1.0
1.0
1.0
1.0
1.0
1.0
1.0
1.0
1.0
1.0
1.0
1.0
1.0
1.0
1.0
1.0
1.0
0.45
0.0
0.0
0.0
0.0
0.0
0.0
0.68
1.0
1.0
1.0
1.0
1.0
1.0
1.0
1.0
1.0
1.0
1.0
1.0
1.0
1.0
1.0
1.0
1.0
1.0
1.0
1.0
0.0
0.0
0.0
0.0
0.0
0.0
0.0
0.68
1.0
0.77
0.0
0.0
0.51
0.51
0.51
0.51
0.51
0.51
0.51
0.0
0.0
0.79
1.0
1.0
1.0
1.0
1.0
1.0
0.87
0.81
0.6
0.0
0.0
0.0
0.0
0.51
0.74
0.57
0.0
0.0
0.0
0.0
0.0
0.0
0.0
0.0
0.0
0.0
0.0
0.53
0.65
0.77
1.0
1.0
1.0
1.0
1.0
1.0
0.71
0.0
0.0
0.0
0.0
0.0
0.0
0.0
0.0
0.0
0.0
0.0
0.0
0.0
0.0
0.0
0.0
0.0
0.0
0.0
0.0
0.43
1.0
1.0
1.0
1.0
1.0
1.0
0.71
0.0
0.0
0.0
0.0
0.0
0.0
0.0
0.0
0.0
0.0
0.0
0.0
0.0
0.0
0.0
0.0
0.0
0.0
0.0
0.0
0.43
1.0
1.0
1.0
1.0
1.0
1.0
0.71
0.0
0.0
0.0
0.0
0.0
0.0
0.0
0.0
0.0
0.0
0.0
0.0
0.0
0.0
0.0
0.0
0.0
0.0
0.0
0.0
0.41
1.0
1.0
1.0
1.0
1.0
1.0
0.74
0.0
0.0
0.0
0.0
0.0
0.0
0.0
0.0
0.0
0.0
0.0
0.0
0.0
0.0
0.0
0.0
0.0
0.0
0.0
0.0
0.52
1.0
1.0
1.0
1.0
0.88
0.82
0.64
0.0
0.0
0.0
0.0
0.0
0.0
0.0
0.0
0.0
0.0
0.0
0.0
0.0
0.0
0.0
0.0
0.0
0.0
0.68
1.0
1.0
1.0
1.0
1.0
1.0
0.4
0.0
0.0
0.0
0.0
0.0
0.0
0.0
0.0
0.42
0.88
0.88
0.88
0.88
0.88
0.88
0.87
0.87
0.87
0.81
0.81
0.94
1.0
1.0
1.0
1.0
0.0
0.0
0.0
0.0
0.0
0.0
0.0
0.0
0.0
0.0
0.0
0.42
1.0
1.0
1.0
1.0
1.0
1.0
1.0
1.0
1.0
1.0
1.0
1.0
1.0
1.0
1.0
1.0
0.0
0.0
0.0
0.0
0.0
0.0
0.0
0.0
0.0
0.0
0.0
0.4
1.0
1.0
1.0
1.0
1.0
1.0
1.0
1.0
1.0
1.0
1.0
1.0
1.0
1.0
1.0
1.0
0.0
0.0
0.0
0.0
0.0
0.0
0.0
0.0
0.0
0.0
0.0
0.43
1.0
1.0
1.0
1.0
1.0
1.0
1.0
1.0
1.0
1.0
1.0
1.0
1.0
1.0
1.0
1.0
1.0
1.0
0.0
0.0
0.0
0.0
0.0
0.0
0.0
0.0
0.0
0.4
0.63
0.63
0.63
0.63
0.63
0.63
0.63
0.62
0.62
0.46
0.46
0.82
1.0
1.0
1.0
1.0
1.0
1.0
0.74
0.61
0.46
0.0
0.0
0.0
0.0
0.0
0.0
0.0
0.0
0.0
0.0
0.0
0.0
0.0
0.0
0.0
0.0
0.0
0.0
0.61
0.84
0.89
1.0
1.0
1.0
1.0
1.0
1.0
0.75
0.0
0.0
0.0
0.0
0.0
0.0
0.0
0.0
0.0
0.0
0.0
0.0
0.0
0.0
0.0
0.0
0.0
0.0
0.0
0.0
0.47
1.0
1.0
1.0
1.0
1.0
1.0
1.0
1.0
1.0
0.0
0.0
0.0
0.0
0.0
0.0
0.0
0.0
0.0
0.0
0.0
0.0
0.0
0.0
0.0
0.0
0.0
0.0
0.0
0.0
0.0
1.0
1.0
1.0
1.0
1.0
1.0
1.0
0.0
0.0
0.0
0.0
0.0
0.0
0.0
0.0
0.0
0.0
0.0
0.0
0.0
0.0
0.0
0.0
0.0
0.0
0.0
0.0
0.0
1.0
1.0
1.0
1.0
1.0
1.0
1.0
0.0
0.0
0.0
0.0
0.0
0.0
0.0
0.0
0.0
0.0
0.0
0.0
0.0
0.0
0.0
0.0
0.0
0.0
0.0
0.0
0.0
1.0
1.0
1.0
1.0
1.0
1.0
1.0
0.0
0.0
0.0
0.0
0.0
0.0
0.0
0.0
0.0
0.0
0.0
0.0
0.0
0.0
0.0
0.0
0.0
0.0
0.47
1.0
1.0
1.0
1.0
1.0
1.0
1.0
1.0
1.0
0.76
0.76
0.46
0.0
0.0
0.0
0.0
0.0
0.0
0.0
0.0
0.0
0.0
0.0
0.0
0.0
0.56
0.69
0.79
1.0
1.0
1.0
1.0
1.0
1.0
0.81
0.43
0.43
1.0
1.0
0.61
0.42
0.45
0.51
0.51
0.51
0.51
0.51
0.51
0.51
0.51
0.51
0.42
0.42
0.8
1.0
1.0
1.0
1.0
1.0
1.0
1.0
1.0
0.7
0.0
0.0
1.0
1.0
1.0
1.0
1.0
1.0
1.0
1.0
1.0
1.0
1.0
1.0
1.0
1.0
1.0
1.0
1.0
1.0
1.0
1.0
1.0
1.0
1.0
1.0
1.0
0.76
0.0
0.0
1.0
1.0
1.0
1.0
1.0
1.0
1.0
1.0
1.0
1.0
1.0
1.0
1.0
1.0
1.0
1.0
1.0
1.0
1.0
1.0
1.0
1.0
1.0
0.61
0.42
0.4
0.0
0.0
0.75
0.75
0.67
0.64
0.76
1.0
1.0
1.0
1.0
1.0
1.0
1.0
1.0
1.0
1.0
1.0
1.0
1.0
0.9
0.71
0.71
0.76
0.76
0.46
0.0
0.0
0.0
0.0
0.0
0.0
0.0
0.0
0.4
1.0
1.0
1.0
1.0
1.0
1.0
1.0
1.0
1.0
1.0
1.0
1.0
1.0
0.76
0.0
0.0
0.0
0.0
0.0
0.0
0.0
0.0
0.0
