0.0
0.0
0.0
0.0
0.0
0.0
0.0
0.0
0.0
0.0
0.0
0.0
0.0
0.94
1.0
1.0
1.0
1.0
1.0
1.0
0.55
0.0
0.0
0.0
0.0
0.0
0.0
0.0
0.0
0.0
0.0
0.0
0.0
0.0
0.0
0.0
0.0
0.59
0.75
0.66
0.64
0.98
1.0
1.0
1.0
1.0
1.0
1.0
0.82
0.61
0.68
0.73
0.0
0.0
0.0
0.0
0.0
0.0
0.0
0.0
0.0
0.0
0.0
0.0
0.0
0.79
1.0
1.0
1.0
1.0
1.0
1.0
1.0
1.0
1.0
1.0
1.0
1.0
1.0
1.0
0.47
0.0
0.0
0.0
0.0
0.0
0.0
0.0
0.0
0.0
0.0
0.66
1.0
1.0
1.0
1.0
1.0
1.0
1.0
1.0
1.0
1.0
1.0
1.0
1.0
1.0
1.0
1.0
1.0
1.0
0.0
0.0
0.0
0.0
0.0
0.0
0.0
0.0
0.0
0.58
1.0
1.0
1.0
1.0
1.0
0.45
0.42
0.51
0.51
0.51
0.48
0.42
0.69
1.0
1.0
1.0
1.0
1.0
0.0
0.0
0.0
0.0
0.0
0.0
0.0
0.0
0.43
0.73
1.0
1.0
1.0
0.73
0.65
0.0
0.0
0.0
0.0
0.0
0.0
0.0
0.47
0.65
0.86
1.0
1.0
1.0
0.5
0.42
0.0
0.0
0.0
0.0
0.0
0.56
1.0
1.0
1.0
1.0
1.0
0.0
0.0
0.0
0.0
0.0
0.0
0.0
0.0
0.0
0.0
0.0
0.65
1.0
1.0
1.0
1.0
1.0
0.0
0.0
0.0
0.0
0.0
0.49
1.0
1.0
1.0
1.0
1.0
0.42
0.0
0.0
0.0
0.0
0.0
0.0
0.0
0.0
0.0
0.0
0.71
1.0
1.0
1.0
1.0
1.0
0.0
0.0
0.0
0.0
0.0
0.47
1.0
1.0
1.0
0.61
0.42
0.0
0.0
0.0
0.0
0.0
0.0
0.0
0.0
0.0
0.0
0.0
0.0
0.42
0.84
1.0
1.0
1.0
0.0
0.0
0.0
0.0
0.0
0.45
1.0
1.0
1.0
0.0
0.0
0.0
0.0
0.0
0.0
0.0
0.0
0.0
0.0
0.0
0.0
0.0
0.0
0.0
0.74
1.0
1.0
1.0
0.0
0.0
0.0
0.0
0.0
0.43
1.0
1.0
1.0
0.0
0.0
0.0
0.0
0.0
0.0
0.0
0.0
0.0
0.0
0.0
0.0
0.0
0.0
0.0
0.75
1.0
1.0
1.0
0.0
0.0
0.0
0.0
0.0
0.42
1.0
1.0
1.0
0.0
0.0
0.0
0.0
0.0
0.0
0.0
0.0
0.0
0.0
0.0
0.0
0.0
0.0
0.0
0.75
1.0
1.0
1.0
0.0
0.0
0.0
0.0
0.0
0.42
1.0
1.0
1.0
0.0
0.0
0.0
0.0
0.0
0.0
0.0
0.0
0.0
0.0
0.0
0.0
0.0
0.0
0.0
0.75
1.0
1.0
1.0
0.0
0.0
0.0
0.0
0.0
0.42
1.0
1.0
1.0
0.0
0.0
0.0
0.0
0.0
0.0
0.0
0.0
0.0
0.0
0.0
0.0
0.0
0.0
0.0
0.75
1.0
1.0
1.0
0.0
0.0
0.0
0.0
0.0
0.42
1.0
1.0
1.0
0.0
0.0
0.0
0.0
0.0
0.0
0.0
0.0
0.0
0.0
0.0
0.0
0.0
0.0
0.0
0.75
1.0
1.0
1.0
0.0
0.0
0.0
0.0
0.0
0.42
1.0
1.0
1.0
0.0
0.0
0.0
0.0
0.0
0.0
0.0
0.0
0.0
0.0
0.0
0.0
0.0
0.0
0.0
0.75
1.0
1.0
1.0
0.0
0.0
0.0
0.0
0.0
0.42
1.0
1.0
1.0
0.0
0.0
0.0
0.0
0.0
0.0
0.0
0.0
0.0
0.0
0.0
0.0
0.0
0.0
0.0
0.75
1.0
1.0
1.0
0.0
0.0
0.0
0.0
0.0
0.43
1.0
1.0
1.0
0.0
0.0
0.0
0.0
0.0
0.0
0.0
0.0
0.0
0.0
0.0
0.0
0.0
0.0
0.0
0.75
1.0
1.0
1.0
0.0
0.0
0.0
0.0
0.0
0.43
1.0
1.0
1.0
0.0
0.0
0.0
0.0
0.0
0.0
0.0
0.0
0.0
0.0
0.0
0.0
0.0
0.0
0.0
0.74
1.0
1.0
1.0
0.0
0.0
0.0
0.0
0.0
0.44
1.0
1.0
1.0
0.61
0.42
0.0
0.0
0.0
0.0
0.0
0.0
0.0
0.0
0.0
0.0
0.0
0.0
0.42
0.84
1.0
1.0
1.0
0.0
0.0
0.0
0.0
0.0
0.46
1.0
1.0
1.0
1.0
1.0
0.42
0.0
0.0
0.0
0.0
0.0
0.0
0.0
0.0
0.0
0.0
0.71
1.0
1.0
1.0
1.0
1.0
0.0
0.0
0.0
0.0
0.0
0.53
1.0
1.0
1.0
1.0
1.0
0.0
0.0
0.0
0.0
0.0
0.0
0.0
0.0
0.0
0.0
0.0
0.65
1.0
1.0
1.0
1.0
1.0
0.0
0.0
0.0
0.0
0.0
0.0
0.42
0.73
1.0
1.0
1.0
0.73
0.65
0.0
0.0
0.0
0.0
0.0
0.0
0.0
0.46
0.65
0.86
1.0
1.0
1.0
0.51
0.43
0.0
0.0
0.0
0.0
0.0
0.0
0.0
0.56
1.0
1.0
1.0
1.0
1.0
0.45
0.42
0.51
0.51
0.51
0.46
0.0
0.66
1.0
1.0
1.0
1.0
1.0
0.0
0.0
0.0
0.0
0.0
0.0
0.0
0.0
0.0
0.6
1.0
1.0
1.0
1.0
1.0
1.0
1.0
1.0
1.0
1.0
1.0
1.0
1.0
1.0
1.0
1.0
1.0
1.0
0.0
0.0
0.0
0.0
0.0
0.0
0.0
0.0
0.0
0.0
0.0
0.76
1.0
1.0
1.0
1.0
1.0
1.0
1.0
1.0
1.0
1.0
1.0
1.0
1.0
1.0
0.54
0.0
0.0
0.0
0.0
0.0
0.0
0.0
0.0
0.0
0.0
0.0
0.0
0.56
0.73
0.64
0.61
0.97
1.0
1.0
1.0
1.0
1.0
1.0
0.83
0.64
0.71
0.75
0.41
0.0
0.0
0.0
0.0
0.0
0.0
0.0
0.0
0.0
0.0
0.0
0.0
0.0
0.0
0.0
0.0
0.94
1.0
1.0
1.0
1.0
1.0
1.0
0.58
0.0
0.0
0.0
0.0
0.0
0.0
0.0
