0.0
0.0
0.0
0.0
0.0
0.0
0.0
0.0
0.0
0.0
0.0
0.0
0.0
0.0
0.0
1.0
1.0
1.0
1.0
1.0
1.0
1.0
0.42
0.0
0.0
0.0
0.0
0.0
0.0
0.0
0.0
0.0
0.0
0.0
0.0
0.0
0.0
0.0
0.0
0.0
0.0
0.0
0.0
1.0
1.0
1.0
1.0
1.0
1.0
1.0
0.42
0.0
0.0
0.0
0.0
0.0
0.0
0.0
0.0
0.0
0.0
0.0
0.0
0.0
0.0
0.0
0.0
0.0
0.0
0.0
0.0
1.0
1.0
1.0
1.0
1.0
1.0
1.0
0.42
0.0
0.0
0.0
0.0
0.0
0.0
0.0
0.0
0.0
0.0
0.0
0.0
0.0
0.0
0.0
0.0
0.0
0.0
0.94
1.0
1.0
1.0
1.0
1.0
1.0
1.0
1.0
0.42
0.0
0.0
0.0
0.0
0.0
0.0
0.0
0.0
0.0
0.0
0.0
0.0
0.0
0.0
0.0
0.0
0.72
0.83
0.99
0.95
0.0
0.0
0.0
0.49
1.0
1.0
1.0
0.42
0.0
0.0
0.0
0.0
0.0
0.0
0.0
0.0
0.0
0.0
0.0
0.0
0.0
0.0
0.0
0.0
0.84
1.0
1.0
0.94
0.0
0.0
0.0
0.0
1.0
1.0
1.0
0.42
0.0
0.0
0.0
0.0
0.0
0.0
0.0
0.0
0.0
0.0
0.0
0.0
0.0
0.0
0.0
0.0
0.82
1.0
1.0
0.95
0.0
0.0
0.0
0.4
1.0
1.0
1.0
0.42
0.0
0.0
0.0
0.0
0.0
0.0
0.0
0.0
0.0
0.0
0.0
0.0
0.0
0.0
0.74
1.0
1.0
1.0
0.0
0.0
0.0
0.0
0.0
0.4
1.0
1.0
1.0
0.42
0.0
0.0
0.0
0.0
0.0
0.0
0.0
0.0
0.0
0.0
0.0
0.0
0.0
0.0
0.71
1.0
1.0
1.0
0.0
0.0
0.0
0.0
0.0
0.4
1.0
1.0
1.0
0.42
0.0
0.0
0.0
0.0
0.0
0.0
0.0
0.0
0.0
0.0
0.0
0.0
0.0
0.0
0.75
1.0
0.85
0.82
0.0
0.0
0.0
0.0
0.0
0.4
1.0
1.0
1.0
0.42
0.0
0.0
0.0
0.0
0.0
0.0
0.0
0.0
0.0
0.0
0.0
0.0
0.63
1.0
1.0
1.0
0.0
0.0
0.0
0.0
0.0
0.0
0.0
0.4
1.0
1.0
1.0
0.42
0.0
0.0
0.0
0.0
0.0
0.0
0.0
0.0
0.0
0.0
0.0
0.0
0.56
1.0
0.48
0.0
0.0
0.0
0.0
0.0
0.0
0.0
0.0
0.4
1.0
1.0
1.0
0.42
0.0
0.0
0.0
0.0
0.0
0.0
0.0
0.0
0.0
0.0
0.0
0.42
0.73
1.0
0.0
0.0
0.0
0.0
0.0
0.0
0.0
0.0
0.0
0.4
1.0
1.0
1.0
0.42
0.0
0.0
0.0
0.0
0.0
0.0
0.0
0.0
0.0
0.0
0.49
1.0
1.0
1.0
0.43
0.0
0.0
0.0
0.0
0.0
0.0
0.0
0.0
0.4
1.0
1.0
1.0
0.42
0.0
0.0
0.0
0.0
0.0
0.0
0.0
0.0
0.0
0.0
0.42
1.0
0.48
0.0
0.0
0.0
0.0
0.0
0.0
0.0
0.0
0.0
0.0
0.4
1.0
1.0
1.0
0.42
0.0
0.0
0.0
0.0
0.0
0.0
0.0
0.0
0.0
0.61
0.77
1.0
0.52
0.0
0.0
0.0
0.0
0.0
0.0
0.0
0.0
0.0
0.0
0.4
1.0
1.0
1.0
0.42
0.0
0.0
0.0
0.0
0.0
0.0
0.0
0.0
0.47
1.0
0.92
0.81
0.47
0.0
0.0
0.0
0.0
0.0
0.0
0.0
0.0
0.0
0.0
0.4
1.0
1.0
1.0
0.42
0.0
0.0
0.0
0.0
0.0
0.0
0.0
1.0
1.0
1.0
0.61
0.0
0.0
0.0
0.0
0.0
0.0
0.0
0.0
0.0
0.0
0.0
0.0
0.4
1.0
1.0
1.0
0.42
0.0
0.0
0.0
0.0
0.0
0.0
0.0
1.0
1.0
1.0
0.92
0.81
0.84
0.86
0.87
0.88
0.88
0.88
0.88
0.88
0.87
0.86
0.82
0.88
1.0
1.0
1.0
0.88
0.81
0.85
0.86
0.87
0.88
0.0
0.0
1.0
1.0
1.0
1.0
1.0
1.0
1.0
1.0
1.0
1.0
1.0
1.0
1.0
1.0
1.0
1.0
1.0
1.0
1.0
1.0
1.0
1.0
1.0
1.0
1.0
1.0
0.0
0.0
1.0
1.0
1.0
1.0
1.0
1.0
1.0
1.0
1.0
1.0
1.0
1.0
1.0
1.0
1.0
1.0
1.0
1.0
1.0
1.0
1.0
1.0
1.0
1.0
1.0
1.0
0.0
0.0
1.0
1.0
1.0
1.0
1.0
1.0
1.0
1.0
1.0
1.0
1.0
1.0
1.0
1.0
1.0
1.0
1.0
1.0
1.0
1.0
1.0
1.0
1.0
1.0
1.0
1.0
0.0
0.0
0.63
0.63
0.63
0.63
0.63
0.63
0.63
0.63
0.63
0.63
0.63
0.63
0.63
0.62
0.59
0.46
0.64
1.0
1.0
1.0
0.65
0.42
0.54
0.59
0.63
0.63
0.0
0.0
0.0
0.0
0.0
0.0
0.0
0.0
0.0
0.0
0.0
0.0
0.0
0.0
0.0
0.0
0.0
0.0
0.4
1.0
1.0
1.0
0.42
0.0
0.0
0.0
0.0
0.0
0.0
0.0
0.0
0.0
0.0
0.0
0.0
0.0
0.0
0.0
0.0
0.0
0.0
0.0
0.0
0.0
0.0
0.0
0.4
1.0
1.0
1.0
0.42
0.0
0.0
0.0
0.0
0.0
0.0
0.0
0.0
0.0
0.0
0.0
0.0
0.0
0.0
0.0
0.0
0.0
0.0
0.0
0.0
0.0
0.0
0.0
0.4
1.0
1.0
1.0
0.42
0.0
0.0
0.0
0.0
0.0
0.0
0.0
0.0
0.0
0.0
0.0
0.0
0.0
0.0
0.0
0.0
0.0
0.0
0.0
0.0
0.0
0.0
0.0
0.4
1.0
1.0
1.0
0.42
0.0
0.0
0.0
0.0
0.0
0.0
0.0
0.0
0.0
0.0
0.0
0.0
0.0
0.0
0.0
0.0
0.0
0.0
0.0
0.0
0.0
0.0
0.0
0.4
1.0
1.0
1.0
0.42
0.0
0.0
0.0
0.0
0.0
