-0.49052
0.50948
0.10927
0.50927
-0.1895
0.51508
-0.49316
-0.09348
0.40633
0.30581
0.4076
0.51424
0.51402
0.15125
-0.06195
-0.15335
-0.44752
-0.24951
0.44762
-0.25197
0.54884
-0.17013
0.02488
-0.38336
0.2127
-0.28385
-0.28297
0.11703
0.40948
-0.39052
0.10927
0.40927
0.0105
-0.08349
-0.39172
0.41183
-0.28841
0.13617
-0.25377
-0.44196
-0.45462
-0.353
0.44624
0.24665
-0.34751
-0.44797
0.55095
0.15234
-0.23398
0.06113
0.56425
0.1636
-0.45824
-0.46788
0.11703
-0.38297
-0.29052
-0.49052
0.0102
0.41055
0.51184
-0.28341
-0.49156
0.33408
-0.46448
0.34578
-0.15033
0.35105
-0.15197
-0.05335
0.35134
0.55157
0.25252
-0.147
0.353
0.05405
0.26859
-0.23533
-0.32811
0.47
-0.24482
-0.3478
-0.18298
-0.28297
-0.48962
-0.08962
-0.48921
-0.38896
0.11222
0.02784
0.31682
-0.27106
0.33688
-0.26468
-0.07265
0.33118
0.42979
-0.3765
-0.17452
0.1217
-0.17863
0.21325
-0.08239
0.12804
-0.14632
0.56628
0.47095
-0.03573
0.25923
-0.04368
-0.17877
0.02099
-0.08925
0.41075
0.21075
0.21107
-0.28766
-0.27509
0.11307
0.42193
0.43136
-0.37343
-0.16446
0.01804
-0.4856
0.20479
0.39827
-0.30193
0.19372
-0.20295
0.19055
-0.50127
0.23019
0.35168
-0.03985
-0.14276
0.05444
0.45228
0.02973
0.33013
-0.28925
0.21075
-0.08925
-0.48925
-0.38571
0.52545
-0.07677
0.12696
0.02768
-0.27671
-0.26503
0.51029
0.20999
0.10407
0.28857
-0.20555
-0.30749
-0.10461
-0.01018
-0.39982
-0.06981
0.04835
0.15972
-0.24061
0.5544
0.35224
0.03349
-0.46651
-0.48925
-0.08925
-0.28924
-0.38593
0.51723
0.22949
-0.3668
0.13406
-0.16554
-0.37801
0.42703
0.20771
-0.49279
-0.2952
0.48663
-0.10764
0.29253
-0.1071
0.18961
0.50518
-0.36689
0.44695
-0.04225
-0.04224
-0.14302
-0.14693
0.42941
-0.27114
0.41034
-0.08966
-0.28938
0.0137
0.11721
-0.0707
0.23367
0.23472
-0.46486
0.41891
-0.17745
0.11212
0.50806
0.00112
-0.51338
-0.10188
-0.00144
0.51018
0.10301
0.21671
0.53993
0.05404
-0.34371
-0.3471
-0.0464
0.44954
0.32476
-0.17523
-0.29018
-0.19018
-0.18973
-0.38669
0.41717
0.32608
-0.47022
0.52949
0.42886
0.2285
-0.17053
-0.27518
-0.38304
0.2141
0.50127
0.4116
-0.0871
0.02338
0.41863
0.32855
0.24788
-0.24131
-0.24412
0.15188
-0.15209
-0.45413
0.52476
0.52477
-0.39018
0.10982
-0.39017
-0.28733
-0.08351
-0.27407
-0.47034
0.52444
-0.17298
0.03209
-0.368
0.02813
-0.27523
-0.17364
0.11351
0.02092
0.42259
-0.06742
0.02915
0.23543
-0.35221
0.45424
0.35206
0.44864
0.0462
0.1407
0.12901
0.22824
0.00982
0.30982
0.50987
0.11256
0.21648
0.42535
0.129
-0.47044
0.13153
0.12795
0.32699
-0.17073
-0.27502
0.22637
0.31363
-0.26821
0.03315
0.3304
-0.07481
0.1248
-0.06406
0.2376
0.24228
0.24226
-0.36436
0.53341
0.4334
-0.0666
0.10982
-0.29018
-0.08976
0.21295
0.01645
0.22582
-0.47088
0.02463
0.02685
0.11673
-0.18141
-0.47314
-0.47731
-0.07755
-0.28693
-0.47992
0.02443
0.4247
-0.08334
0.11648
-0.36753
0.34272
-0.05186
0.44782
0.4421
-0.3675
-0.3666
-0.0666
-0.29013
0.50987
-0.48942
-0.28657
-0.48285
-0.07055
-0.2666
0.02306
0.1259
-0.28742
0.11185
0.00862
-0.19854
0.11068
0.19799
-0.09437
0.40578
0.20044
-0.40694
0.51032
-0.37326
0.14313
-0.1554
-0.05944
0.04911
-0.4499
-0.06751
0.23249
-0.1892
-0.1892
-0.48922
0.41694
-0.47722
0.33504
-0.25903
0.41545
0.41697
0.10878
0.20788
-0.11047
-0.30855
0.31148
0.49977
0.50293
0.29927
-0.10869
-0.41552
0.08682
-0.09404
0.12453
-0.36599
0.53764
-0.45158
0.15167
0.35165
0.55165
0.3108
-0.4892
-0.48918
0.11677
0.12252
-0.06663
0.53954
0.32395
0.52494
0.0092
-0.29102
-0.38753
-0.48456
-0.08658
0.19682
0.2939
0.09429
-0.00532
0.38517
0.37927
0.19468
0.51455
0.2344
0.54618
-0.04537
0.15725
-0.04277
-0.44277
-0.1892
-0.4892
0.11082
0.21677
-0.17746
0.53313
-0.261
-0.3706
0.23059
-0.1549
0.54779
0.53929
-0.16261
-0.0646
0.41878
0.016
0.31478
-0.49351
0.09987
0.00122
-0.08392
0.52939
-0.44997
0.26284
-0.22877
-0.12905
0.16872
0.27058
0.0108
-0.3892
0.21082
0.517
-0.07748
-0.47278
0.42756
0.03045
-0.06497
0.18117
-0.39787
-0.1084
-0.00824
0.08625
-0.12766
-0.15841
0.41702
0.31716
0.31103
-0.48727
-0.46534
-0.15193
0.16538
-0.42412
0.27827
0.57589
0.37387
-0.32432
-0.08871
-0.18871
-0.48892
0.01597
-0.38018
-0.07593
0.22772
-0.16467
0.04033
0.28678
0.00912
0.00449
0.40504
0.47063
-0.14224
0.25916
-0.14572
-0.04464
-0.05758
-0.07611
0.34493
-0.44288
-0.428
-0.42223
-0.42703
-0.33015
0.45248
0.55449
0.11135
-0.38865
0.51127
-0.38409
0.52111
0.23275
-0.16742
0.53963
0.04884
-0.30865
0.1121
0.2048
-0.29409
0.1999
0.29683
0.40479
-0.39455
-0.09344
0.58519
-0.04273
0.56251
-0.13069
0.57735
-0.22104
-0.32738
-0.03067
0.44024
-0.46631
-0.08914
-0.48914
0.31118
-0.48392
0.2206
0.13098
0.13087
0.13516
-0.35788
-0.31408
-0.09204
0.40287
0.40355
-0.09642
0.40359
0.011
-0.18783
0.41193
0.29035
0.06059
-0.23593
-0.43276
-0.22721
0.57352
0.15803
0.4512
0.12811
-0.17325
0.51022
0.41022
0.21065
0.21556
-0.28061
-0.17035
0.42384
-0.47323
0.12775
-0.33234
0.3869
-0.22169
-0.1218
-0.21343
-0.31267
0.18367
-0.42936
-0.32925
-0.14044
0.14763
-0.35598
-0.46304
0.4427
-0.0568
0.12851
-0.08216
-0.28779
0.21221
-0.09017
0.00983
0.20984
0.21458
0.51728
-0.37563
0.41553
0.41628
0.01446
0.53988
0.34617
-0.14888
-0.21215
0.41943
-0.37985
0.01264
0.58953
-0.31032
0.0672
-0.16587
0.22983
-0.28459
0.21981
0.31699
0.41567
0.01292
0.21291
-0.08709
0.00983
-0.49017
-0.39017
0.5118
-0.48403
0.01822
0.21393
0.41103
0.20859
-0.29615
0.30336
0.10094
0.43428
0.05661
-0.24339
0.55653
0.25644
-0.24125
0.45221
-0.1622
-0.46176
-0.26619
0.21074
-0.28788
0.01346
0.11462
0.4146
0.1146
-0.19017
-0.49017
0.30983
-0.28821
0.31379
0.31773
-0.48597
-0.39067
0.10482
-0.49439
0.0045
0.50317
0.03571
-0.1409
0.5591
0.05911
0.45688
-0.43977
-0.4385
-0.23995
0.05991
0.3499
-0.28974
-0.39014
0.31343
0.21461
-0.38541
-0.28541
-0.29017
0.20983
0.00983
-0.18821
0.31379
-0.28216
0.21474
0.11081
-0.19518
0.50561
-0.094
-0.19381
0.23838
-0.03834
-0.23834
0.16187
0.56207
-0.43812
-0.03852
-0.33933
0.16015
0.44933
-0.38954
0.40903
0.31344
0.11462
-0.4854
0.5146
0.10983
-0.49017
-0.19057
0.21112
0.31379
-0.38888
0.39935
-0.29522
0.20482
-0.29424
0.00619
0.50623
0.43838
-0.43834
0.16165
0.56163
-0.43812
0.56188
0.16151
-0.43933
0.16012
-0.35528
0.00619
0.50903
0.11343
-0.1854
-0.3854
-0.2854
0.00983
0.30983
0.30938
-0.49
-0.38994
0.10847
0.49931
0.50338
-0.29673
0.00379
-0.19476
0.20622
-0.36042
0.06181
-0.1382
0.1615
0.36144
0.1605
-0.44783
0.23818
0.43775
0.12919
0.40619
0.30903
0.51317
0.5144
0.3146
-0.4854
-0.29017
-0.49017
-0.39061
-0.29148
-0.39604
-0.19604
0.09924
0.1996
0.29961
-0.09936
0.30364
0.30621
-0.45753
-0.43794
-0.23795
-0.23861
0.16071
0.15838
0.53771
0.20002
0.19943
-0.20079
-0.49382
0.40902
0.40985
-0.188
0.0146
-0.0854
