-0.20008
0.29992
0.09968
-0.40032
0.09941
0.37368
-0.52666
-0.02666
-0.32666
-0.42662
-0.02658
0.17295
0.1731
0.47307
-0.52887
-0.22863
0.06649
-0.13309
-0.33303
-0.43244
-0.13103
-0.13104
-0.13014
-0.02629
0.07395
0.07388
-0.12612
-0.42612
-8.0E-5
-0.30008
-3.2E-4
-0.40032
0.29941
-0.12632
-0.32666
-0.42666
-0.32717
0.37289
-0.12697
0.07298
-0.42801
0.37127
-0.5289
0.37137
0.06648
-0.33363
0.06643
0.4671
-0.03103
0.26898
-0.1301
0.47369
-0.426
0.37392
0.17388
-0.52612
0.09992
0.29992
0.29968
-0.40032
-0.50059
0.37368
0.17293
0.27276
-0.42731
0.17277
0.07303
-0.12695
0.27203
-0.22872
0.06723
-0.03291
0.16646
0.36633
-0.23361
0.36715
0.06845
0.06851
-0.33019
0.37365
-0.42607
-0.22608
0.17388
0.17388
0.09995
0.49995
-0.5002
-2.0E-4
0.39927
-0.4146
-0.11463
0.28526
0.28517
0.28552
0.08601
-0.11344
-0.01724
0.29335
0.18244
-0.53178
0.1723
0.27218
-0.10305
0.19307
-0.21952
0.28135
-0.01816
-0.31459
-0.11429
0.48572
0.18564
0.28568
-0.40002
0.09998
0.29997
0.19997
-2.8E-4
-0.30063
0.09941
0.29931
0.39926
-0.40046
-0.30021
-9.3E-4
-0.40496
0.2935
-0.40468
0.37034
-0.02585
-0.02529
0.39757
0.29366
-0.00791
-0.1063
-0.40488
-0.2013
0.39901
-0.30092
-0.10044
-9.0E-5
-0.40002
0.29998
-0.50002
0.09998
0.29975
0.39937
0.09932
-0.50065
-0.50041
6.0E-5
-0.00213
0.39554
-0.10599
-0.30675
0.09772
0.27288
-0.2251
-0.3254
-0.20237
-0.50651
-0.00809
-0.10653
0.49482
0.29863
-0.50102
0.29905
0.49984
0.09984
0.09998
0.29998
-0.50002
-0.20002
-0.20001
-0.50079
0.29913
0.49926
-0.10029
-0.39979
0.19758
-0.20593
0.39361
0.29306
-0.50037
-0.52544
0.17453
-0.3255
-0.00282
0.09284
-0.00806
0.39276
0.49494
-0.30128
-0.20061
-0.2005
-0.50026
0.09974
-2.0E-5
0.09998
-0.40002
0.29998
0.40002
0.39932
0.39933
-0.30053
-0.39996
0.1981
0.49591
0.49375
-0.50465
0.19588
0.49959
0.07449
0.27429
0.27436
-0.40236
-0.20704
-0.30788
-0.3078
0.19404
-0.30114
0.09992
-0.10008
0.19974
0.09974
0.49998
-0.30002
-0.20002
0.39998
-0.09995
-0.20062
0.39933
0.49955
0.39989
0.19565
-0.50543
-0.00473
-0.0011
-0.20031
-0.10041
-0.12547
0.07425
0.27437
-0.20133
-0.50651
-0.40783
0.39225
-0.30571
-0.00107
0.09962
-0.50008
0.49973
0.09973
0.49998
0.39998
-0.10002
-0.20002
0.09981
-0.30062
0.09931
-0.50056
0.19712
0.09529
-0.00418
-0.30171
-0.30116
0.29969
-0.40041
0.47441
-0.12583
-0.32565
-0.30127
0.0936
-0.10806
0.3923
-0.40584
-0.20075
-0.50036
-0.40006
0.0997
0.4997
-0.50002
-0.10002
0.30005
-0.29994
-0.40024
-0.50058
0.19955
0.49482
-0.50483
0.2956
-0.20407
0.39821
-0.50133
-0.40061
-0.10134
-0.32633
0.0737
0.37351
0.49847
-0.20585
-0.00737
-0.20753
0.49383
-0.30165
0.19998
-0.40006
0.1997
-0.1003
0.09998
-0.50002
0.40005
-0.09994
0.39967
-0.30721
0.49269
-0.33928
-0.13927
-0.43607
-0.33628
0.06558
0.36562
-0.23472
0.36447
-0.56051
0.13957
0.23925
0.16453
0.16135
-0.43288
-0.30739
0.29382
-0.10169
-0.30007
-0.4001
-0.5003
0.3997
0.50006
0.40006
0.30006
-0.39995
-0.39981
-0.51661
0.28061
0.02428
0.32412
-0.37288
-0.57308
0.42877
-0.37167
-0.27301
0.12676
0.20101
-0.59882
0.40214
-0.5726
-0.37512
-0.16791
-0.10667
-0.20573
0.09805
-0.00197
0.19906
-3.0E-4
0.2997
0.40006
-0.39994
0.40022
-0.10287
-0.50462
0.2823
0.08088
-0.27276
0.42747
-0.17275
0.02691
0.12693
0.02651
-0.17408
-0.37427
0.40019
-0.39925
0.10169
-0.47321
0.02367
0.43045
0.09335
0.19428
-0.30197
-0.20211
-0.2003
-0.1003
-0.5003
0.20006
-0.19994
0.2003
0.19741
-0.00454
-0.21755
0.38135
0.12296
-0.07708
0.02282
0.42284
0.22228
-0.07777
-0.3789
0.12104
-0.50366
0.09675
0.09719
-0.27762
0.22276
-0.06929
0.3934
-0.40676
-0.10663
-0.10651
0.4953
0.19521
-0.40479
6.0E-5
-0.49994
0.5003
-0.50259
0.4955
-0.21071
0.1893
-0.13739
-0.23746
-0.22822
-0.02489
-0.01645
0.08518
-0.41595
0.48397
0.05938
-0.2402
-0.03987
0.38535
0.08571
0.49203
0.117
0.01717
-0.283
0.41687
0.51695
-0.28264
0.31861
-0.49994
6.0E-5
3.0E-4
-0.10272
-0.4045
-0.1056
-0.10609
-0.30632
-0.00638
-0.30069
0.39927
0.50838
-0.18905
-0.19014
-0.49025
-0.20572
-7.3E-4
-0.20092
-0.37559
0.42509
0.22528
-0.47378
0.42505
0.02435
0.02422
-0.27581
-0.47524
-0.37401
2.0E-5
0.10002
-0.29981
-0.10197
0.39764
0.2968
-0.40422
-0.20429
-0.2043
0.50126
-0.50017
-0.2905
0.01204
0.31175
0.31227
0.48893
-0.50951
-0.20763
0.12547
0.52679
0.32633
0.02635
-0.37428
0.32886
-0.47113
-0.47344
0.42712
0.22815
-2.0E-5
0.09998
-0.39998
0.40001
2.0E-5
-0.50071
-0.40217
-0.50237
0.19831
0.3048
0.5017
0.11146
-0.28602
0.51368
-0.18574
0.2893
0.48945
-0.40864
0.4244
-0.37311
-0.07356
-0.37367
0.42726
-0.37015
0.22872
-0.17133
-0.3711
-0.37074
-2.0E-5
0.09998
0.50002
1.0E-5
0.099
0.09861
0.09768
-0.30247
-0.50186
-0.19785
0.49712
0.50492
-0.49322
-0.49339
-0.09314
-0.01757
-0.31723
-0.31605
-0.38299
-0.2802
0.01908
-0.281
-0.18001
-0.07671
-0.17863
0.42133
0.02137
0.52138
0.19998
-0.20002
0.50002
-0.19999
-0.20157
0.39819
0.19787
-0.40224
-0.40217
0.29225
0.0841
-0.21687
-0.11645
-0.21649
-0.01644
0.06389
-0.5327
-0.23235
-0.40364
0.09676
-0.30427
-0.4043
-0.40337
-0.50018
-0.302
-0.202
-0.30198
-0.40199
-0.30002
-0.40002
-0.49998
0.10009
-0.50087
-0.00124
-0.21566
0.38114
0.48061
-0.3243
-0.42991
-0.03029
-0.32074
-0.0128
-0.31281
-0.12332
0.48156
-0.21823
-0.40019
0.19746
-0.40303
-0.40305
-0.30256
0.29911
0.49854
0.29853
-0.30145
-0.50146
0.09998
-2.0E-5
-0.39998
-0.19999
0.10034
0.30033
-0.21375
-0.21735
0.28257
-0.11785
0.38195
0.18197
-0.11423
-0.11145
-0.21153
-0.30873
-7.3E-4
0.39923
0.39943
0.40007
1.3E-4
-0.09987
1.9E-4
0.39993
0.29999
-0.50002
0.30001
-0.40001
-0.20002
0.09998
0.29998
-0.20003
-0.09967
-0.19974
-0.21364
0.48269
-0.21744
0.3821
-0.21816
0.08184
0.38179
0.28158
-0.01847
-0.5121
-0.20094
-9.4E-4
-0.50076
-0.39994
-0.29983
0.10009
-0.49988
0.29992
-0.10008
0.49991
0.20004
3.0E-5
-0.30002
0.09998
0.19998
0.29997
0.40033
-0.19965
-0.31367
0.38257
-0.31754
0.482
0.18178
-0.51822
-0.51831
-0.51835
0.08165
-0.51171
-8.9E-4
-0.10089
0.19932
-1.7E-4
-0.20002
0.40007
1.3E-4
-0.09986
-0.40015
0.39983
-0.49994
-0.39995
0.49998
0.19998
0.50009
-0.29984
0.50029
-0.19969
0.48643
-0.51735
0.08261
0.28204
0.08178
-0.41822
-0.31831
-0.01833
-0.11833
-0.51206
-0.20089
-0.10089
-7.0E-4
0.29983
-0.40002
0.40007
-0.49994
0.10008
-0.50008
-0.50001
6.0E-5
-0.29995
-0.50002
0.49998
0.4001
-0.3998
0.30027
-0.2997
-0.31375
0.08261
-0.41737
-0.51796
0.08181
0.48185
-0.31458
-0.11169
-0.2117
-0.1088
-0.20064
-0.40064
0.09942
-0.30014
0.20006
-0.39984
0.30012
-0.09988
0.29994
0.5
0.20006
5.0E-5
-2.0E-5
-2.0E-5
-0.2999
0.2002
0.20022
0.50024
-0.41418
0.48252
0.0826
-0.1179
0.28194
-0.01806
-0.40888
-0.40087
-0.10088
0.19939
-0.10022
0.39978
0.49974
0.4999
1.3E-4
0.50029
1.9E-4
0.50019
-0.50003
0.39997
0.30006
0.30005
