0.51361
-0.38639
-0.48638
0.41362
0.0227
-0.16445
0.52615
0.32615
0.02615
-0.38497
0.50344
0.13205
0.43221
0.43714
0.45464
0.25587
0.55929
-0.04094
-0.14067
-0.34557
0.03999
0.5372
-0.06378
-0.46691
-0.37381
-0.06024
0.13957
-0.06043
-0.28639
0.31361
0.21362
0.01362
-0.4773
-0.46445
0.02615
0.32615
0.52615
0.11845
0.20859
0.43798
-0.35253
-0.4454
0.1558
0.25587
0.45961
-0.14061
-0.04059
0.05358
0.04202
0.04182
0.14727
-0.33795
-0.3478
0.14132
0.43957
-0.16043
0.51361
0.11361
-0.18638
-0.38638
0.0227
0.23555
-0.27385
0.12871
0.33052
-0.16693
-0.16545
-0.06133
0.54729
-0.24413
0.05886
-0.44069
0.55961
0.05941
0.15941
0.35289
-0.45777
0.05176
-0.02894
-0.4259
-0.04375
-0.45556
-0.16016
0.53957
-0.48639
-0.08639
-0.28639
0.41361
0.32269
0.53545
0.32692
0.12854
0.32991
0.53011
0.13275
0.03469
0.14472
0.04185
0.5387
-0.25812
-0.16109
-0.363
0.53626
-0.26202
-0.45007
-0.34698
0.07543
-0.42713
0.05573
-0.05601
0.23858
0.23829
-0.18639
0.51361
-0.28639
-0.48639
-0.17731
-0.2671
-0.27624
0.52563
0.32717
0.02692
-0.06901
0.24088
0.24719
-0.46455
0.50473
-0.18627
-0.18895
0.20341
-0.18496
-0.3794
-0.14236
-0.1323
-0.02752
0.27047
-0.04629
0.34207
-0.06259
-0.36293
0.41361
-0.18639
0.51361
0.21361
-0.37731
0.53288
0.12393
0.52463
0.12516
0.41416
-0.46742
0.34593
0.14955
-0.3648
0.50176
0.50484
-0.29655
-0.29661
0.32318
-0.15961
-0.03277
-0.1273
0.57249
-0.02954
0.45372
-0.45792
0.3376
0.2373
0.31361
0.11361
-0.38639
0.51361
0.32269
0.43334
-0.47541
0.02488
0.32514
-0.1859
-0.26738
-0.25392
-0.25087
-0.16391
-0.29998
0.50335
0.30345
0.20339
0.32903
-0.04374
0.47327
-0.01788
-0.32772
-0.4299
-0.34643
0.54203
0.0375
0.03721
-0.18639
-0.18639
-0.38639
0.11361
-0.07731
0.03349
0.32504
-0.1749
-0.37486
0.3153
0.3411
-0.05243
0.53455
0.11151
-0.49998
-0.19583
0.40426
-0.27199
0.03763
-0.04673
-0.23354
0.28101
0.47255
0.16684
-0.24704
-0.15867
-0.16261
-0.06289
-0.18639
0.01361
-0.08639
-0.18639
-0.27731
-0.06669
-0.07508
0.52501
-0.07494
-0.3821
-0.04868
-0.14995
0.01264
0.00187
-0.19808
0.00579
0.4158
-0.15949
0.23904
0.0508
0.3532
0.46859
0.15754
-0.33616
0.05246
-0.25898
0.3374
0.03711
-0.38639
0.41361
-0.28639
0.31361
0.02269
0.23329
0.12492
-0.47508
-0.37331
0.53266
-0.14905
0.14896
0.01438
-0.09677
-0.49676
0.21858
0.52934
-0.45702
0.43836
0.24436
-0.14839
-0.33366
-0.34033
-0.43595
0.35239
-0.15943
0.33792
0.03759
-0.28639
0.31361
0.31361
0.41361
-0.27731
0.33329
-0.27508
0.32863
0.24597
0.15252
0.55028
0.14571
-0.38716
-0.39697
0.50304
0.33294
-0.35737
-0.36165
-0.17291
0.21627
0.53658
0.15467
0.26271
-0.32246
0.45011
0.53854
-0.06166
0.03834
-0.28639
-0.18639
0.31361
0.21361
0.52269
-0.4662
0.32542
-0.36605
-0.13897
-0.03455
0.25391
-0.26328
-0.3917
0.11785
0.34125
0.34659
0.04782
-0.47314
-0.17979
0.31289
-0.4727
-0.04572
-0.23778
0.07731
0.5507
0.03855
0.43834
-0.46166
0.21361
0.01361
0.21361
-0.08639
-0.07731
-0.16294
0.42935
-0.46056
0.36587
0.57027
0.35834
-0.16163
0.3255
-0.34587
0.45528
0.46019
0.25852
0.03365
-0.1714
0.21882
0.23302
-0.14595
-0.03821
0.57897
-0.23115
0.34738
0.03853
-0.26147
-0.08639
0.11361
0.51361
-0.18415
0.52623
-0.36206
-0.17043
-0.04673
-0.23214
0.2691
0.25718
0.42837
0.44132
0.56639
0.36734
0.16142
0.54553
-0.4654
-0.36821
0.53459
-0.0516
0.55117
0.36031
-0.22143
0.06862
-0.35967
0.04033
0.14033
0.01361
-0.28639
-0.18639
0.21573
0.52623
0.23793
0.12981
0.17936
-0.01445
0.58434
-0.31679
-0.43191
0.37094
0.27102
-0.45248
0.0378
0.4378
0.33823
0.43471
0.1328
-0.05425
-0.15033
-0.13971
-0.31788
0.07216
-0.25613
-0.25613
0.04387
0.41361
0.01361
0.11361
-0.38427
-0.47377
-0.16255
0.32912
-0.22807
-0.1207
-0.30927
-0.40684
-0.31275
-0.40848
0.19159
-0.1319
0.05858
0.15837
0.25619
-0.34658
0.35339
-0.23336
-0.32369
0.38737
-0.19065
0.29912
0.48687
-0.0178
0.07069
-0.28639
0.21361
0.31361
0.216
0.42655
0.0453
0.44198
-0.23434
0.57439
0.08561
0.55712
0.38701
0.08408
0.56821
0.36744
0.45424
-0.34904
0.35096
-0.15194
-0.35212
-0.33763
0.36903
0.19215
-0.28108
0.20791
0.49638
-0.40948
0.57918
0.41361
0.51361
0.01361
-0.08467
-0.17492
0.1441
-0.13527
-0.12786
-0.12529
0.48405
-0.24538
0.45738
0.06294
-0.25469
-0.15468
-0.25206
-0.05295
-0.15346
0.0408
0.34004
0.45514
0.3698
-0.1084
0.11567
-0.39555
0.09447
-0.01433
0.17509
0.41361
-0.48639
0.11361
-0.37446
0.04597
-0.13313
0.18368
0.38515
0.17897
0.37721
-0.12437
0.36689
0.37254
-0.02833
0.47174
-0.42481
0.47514
-0.22509
-0.33079
-0.33335
0.06897
0.17341
0.38231
0.20912
-0.08162
0.11667
0.30878
-0.31332
0.51361
0.51361
-0.08639
-0.27446
-0.03891
-0.21893
-0.31288
-0.3125
0.57847
-0.12889
0.2712
0.56622
0.3698
-0.42988
-0.02977
-0.22673
0.47324
0.1731
-0.33259
0.36523
0.06605
0.36598
-0.42539
-0.10698
0.41428
-0.18617
-0.19047
0.00129
0.41361
-0.38639
-0.28639
0.12541
-0.43398
-0.21525
0.28624
0.08352
-0.33361
-0.14759
-0.44438
0.14199
0.54196
0.54319
0.34338
-0.05549
0.04255
-0.15752
-0.46159
0.03828
0.53839
0.13754
-0.25353
0.26479
-0.11394
0.38516
-0.21509
0.08491
-0.18639
-0.48639
-0.08639
-0.07446
0.25328
-0.22746
-0.21884
0.18431
0.56787
0.3723
0.57357
0.3738
-0.11708
0.2853
0.48545
0.07652
0.16142
0.56142
-0.25175
0.22767
-0.37257
0.02577
-0.16509
0.1552
0.16959
-0.22699
-0.32709
0.57291
-0.28639
0.41361
0.51361
0.22525
0.14238
-0.45762
0.33298
0.03343
0.02964
0.13855
-0.45545
-0.45541
-0.24038
-0.23092
0.36908
-0.03826
-0.25351
-0.05355
-0.46043
0.32099
0.32103
-0.38166
0.11011
0.51372
0.035
-0.25793
0.14203
0.24203
0.51361
0.01361
0.11361
-0.27475
0.54238
-0.15762
-0.16729
0.53093
0.52383
-0.26205
-0.35541
0.24466
0.36422
0.07839
0.27839
0.06984
0.3546
0.1545
0.24895
0.53412
0.23419
-0.47185
-0.38987
0.51373
-0.46503
-0.45795
-0.35796
0.34204
-0.28639
-0.38639
0.51361
0.32525
-0.45762
0.24239
0.53242
-0.36784
-0.17609
0.53803
0.34466
-0.05527
0.06429
-0.32152
-0.42152
-0.23056
0.45469
0.35462
-0.35138
-0.16613
-0.16592
0.02782
-0.18984
0.31409
0.33501
-0.05794
-0.15795
-0.15795
-0.08639
0.21361
0.21377
-0.37445
-0.35762
-0.36128
0.11896
-0.47615
0.22391
-0.06193
0.14473
0.34474
0.46429
-0.42152
0.17848
0.26984
-0.34538
0.55462
0.14903
0.03387
0.2341
-0.17184
-0.48987
-0.48598
0.43497
0.04205
0.24205
-0.05795
-0.38639
-0.18639
0.21379
0.42425
0.03722
-0.46497
-0.2808
0.1238
-0.47615
-0.3613
0.04474
-0.25526
-0.24
0.26944
-0.13056
-0.13797
0.24674
0.24674
0.23988
-0.47898
-0.17874
0.41869
0.01008
0.21398
-0.16646
-0.35909
0.24205
-0.45795
0.21361
-0.08639
0.21379
0.02222
-0.17123
0.12878
0.2197
0.4238
0.1238
0.53928
-0.25526
-0.35526
-0.04592
0.5547
-0.2453
0.14592
0.53387
0.43387
0.52307
3.0E-5
0.50027
0.40037
-0.28995
0.11398
0.41363
-0.37357
0.04205
-0.45795
