0.10007
0.50007
0.40007
-0.49993
0.4159
-0.25354
-0.15269
0.44731
0.54731
-0.47208
0.30775
-0.26808
-0.26679
0.53323
-0.05771
-0.45769
0.54261
-0.35941
0.54056
0.03803
-0.06852
0.43148
0.33119
-0.3698
-0.38238
0.04732
-0.05271
-0.45271
-0.19993
0.10007
0.20007
0.50007
0.5159
-0.05354
-0.45269
0.14733
-0.35267
-0.17205
-0.09055
-0.16725
0.33833
-0.3583
0.34231
-0.45769
0.4425
-0.4594
-0.25942
-0.26236
0.5315
0.23149
-0.0688
-0.14328
0.25399
0.14734
-0.35271
-0.25271
0.50007
-0.39993
0.50007
0.40007
-0.3841
0.34646
0.04731
0.24736
0.04773
-0.36202
-0.16997
-0.16641
-0.462
0.34231
-0.15657
-0.05651
-0.45759
0.44061
0.54059
-0.06274
0.23151
0.44811
0.36563
0.2682
0.25654
0.04734
-0.45271
0.34729
-0.49996
-0.39996
0.30004
-0.29996
-0.38413
0.44357
0.44416
0.14419
-0.35572
-0.36547
-0.47044
0.2299
0.13463
0.52772
0.22631
-0.3679
0.42966
-0.17205
0.12196
-0.27888
-0.17506
0.12709
0.46747
-0.23308
0.35369
0.44449
0.04444
-0.45553
0.2
-0.2
-0.3
-0.1
-0.48417
-0.46031
-0.2598
0.14022
-0.15978
0.23023
0.52507
-0.36916
0.03392
0.52404
-0.19515
0.01436
0.31313
0.00869
0.00797
0.41002
0.14466
0.45534
-0.3356
0.26358
0.55035
0.34118
0.4403
-0.36034
0.5
-0.1
-0.4
-0.5
-0.28416
-0.1604
-0.46015
-0.26015
0.23993
0.02176
0.32571
-0.36716
-0.46572
0.02332
0.50293
0.10985
0.2096
0.50913
0.22332
-0.26427
-0.14186
0.56481
-0.13549
0.5635
0.15026
-0.15891
0.03957
0.33957
0.3
0.4
-0.2
0.50002
-0.28414
-0.06038
0.33969
0.13969
-0.06032
-0.47676
0.42617
-0.06788
0.13245
-0.47784
0.50053
0.50889
-0.3904
-0.29094
-0.27565
-0.14954
-0.23834
-0.23044
0.36452
-0.13648
-0.45027
0.44028
0.33957
0.43957
0.4
0.3
0.1
0.50002
0.11585
0.5396
-0.46034
-0.36035
-0.36035
-0.07613
0.03059
-0.06706
-0.07782
-0.09438
-0.19947
-0.29108
0.5096
0.32682
-0.46898
0.14877
-0.25184
-0.04355
0.15412
-0.04159
-0.45121
0.33958
-0.46043
0.43957
0.5
0.5
0.1
2.0E-5
0.21584
-0.06042
-0.26034
0.53964
0.53964
-0.27543
-0.06481
-0.16642
-0.19455
-0.49984
-0.49942
-0.29096
0.02706
0.24657
0.04243
0.34629
-0.07757
0.5339
-0.07124
0.55327
0.34941
0.23958
0.43957
-0.26043
-0.5
0.0
-0.4
1.0E-5
-0.28416
0.03958
0.23967
-0.26035
0.04029
-0.46399
0.13437
0.23263
-0.49422
0.3002
0.50062
-0.07033
0.14891
0.1492
0.14029
0.13561
0.12242
0.4339
-0.17009
0.35366
-0.05058
0.53959
-0.16042
0.13958
-0.3
0.5
-0.40003
0.29998
0.51583
0.33959
0.33967
0.44245
-0.14241
-0.44983
-0.26822
-0.17041
0.005
0.5002
-0.19939
-0.0703
-0.25237
0.1428
-0.47246
0.30688
0.12057
-0.46601
0.03288
0.05969
0.2488
0.03959
-0.26041
-0.36041
0.0
0.3
0.29997
0.19998
-0.28414
-0.15838
0.14173
-0.33206
0.58795
-0.31998
0.05684
0.14819
0.42583
0.32585
0.46583
0.47194
0.37337
0.4368
-0.16939
0.52859
-0.16269
-0.26628
-0.26712
0.3599
-0.25114
0.13965
0.23959
0.03959
-0.50003
-0.20003
-0.20003
-0.10002
0.41586
-0.45547
0.4452
0.39552
0.11501
-0.19223
-0.01541
0.47436
-0.0219
-0.10322
0.09735
-0.29618
0.10374
-0.43165
-0.238
0.45781
0.46422
0.43246
-0.06783
-0.43875
-0.0425
-0.4568
-0.36035
0.13965
-3.0E-5
-0.30003
0.2
0.10086
-0.38284
0.4448
-0.1548
0.10172
0.31593
0.40579
-0.31632
0.36213
0.28476
-0.2982
-0.09781
0.59401
-0.32809
-0.02681
-0.13298
0.36803
0.17423
-0.4676
-0.46783
0.46125
-0.24249
0.03966
-0.06034
0.03966
-0.40003
-0.30003
-0.40003
0.40076
-0.38287
0.04477
-0.05277
-0.27651
0.02815
-0.07457
-0.37548
0.40296
-0.297
0.20445
-0.0346
0.17155
0.07148
0.07148
0.36785
0.36682
-0.12804
0.33238
0.23245
-0.13748
0.15878
0.54093
0.24093
-0.25907
0.19997
0.39997
0.09997
-0.49924
0.01713
0.24272
0.24477
-0.10735
-0.3018
-0.40299
-0.10336
0.19549
0.19937
8.0E-4
-0.33823
-0.03208
0.36785
0.06785
0.26425
-0.43681
0.47117
-0.2398
0.45877
0.28884
-0.1149
0.47536
0.17304
-0.23275
0.19997
-0.30003
-0.50003
8.1E-4
-0.38287
0.24527
0.05038
-0.13158
0.37472
0.6055
0.00497
0.53651
-0.17295
-0.39526
0.10528
-0.32051
0.34931
0.04933
-0.35541
0.44345
-0.14596
0.16054
-0.13545
0.39714
-0.30662
0.08417
-0.21875
-0.02447
-0.50002
-0.10002
-0.30002
-0.29943
0.51656
0.54742
0.36828
-0.02724
-0.02567
0.60805
-0.19146
0.40097
0.00729
0.30761
0.40808
0.4067
-0.20097
-0.30366
0.17113
-0.06091
-0.05008
-0.03954
-0.03576
0.09587
0.1921
0.48349
0.38016
0.17485
-0.1
0.0
-0.3
-0.29057
0.03386
-0.03715
0.57361
-0.22596
0.37058
0.50344
-0.37522
-0.2809
-0.17449
-0.27445
0.52565
0.1318
0.13149
0.32832
-0.00402
-0.44322
0.15811
0.4607
-0.34152
0.39163
-0.09843
0.50022
0.29692
-0.31946
0.2
0.0
0.2
-0.19057
0.54311
-0.12841
-0.42583
-0.02584
0.2695
0.59144
0.41279
0.41758
-0.17837
0.62167
0.6216
-0.17307
0.12626
0.12433
-0.40743
0.45324
-0.24645
-0.14705
0.0515
-0.02066
-0.00257
-0.30259
-0.40442
0.58908
-0.1
0.0
0.4
0.00921
0.1456
0.57343
0.37414
-0.33021
0.5499
0.56615
-0.10681
-0.10478
-0.3047
0.29535
0.29526
0.38265
0.56537
0.06484
-0.05093
-0.3731
0.52722
-0.37278
-0.47332
-0.34701
-0.22891
0.57107
0.47107
-0.42894
-0.2
0.0
0.4
-0.08958
0.2308
-0.13984
0.35184
0.44764
0.22088
0.08491
-0.38669
-0.28568
-0.07078
0.09106
0.19105
0.45224
0.59808
0.49806
-0.06313
0.22
-0.47956
0.12043
0.41999
0.34217
-0.24524
0.35743
-0.44257
0.55742
0.4
0.1
-0.4
0.4092
-0.37455
0.12545
-0.19662
-0.39734
-0.19954
-0.46581
0.04796
0.34795
0.35409
0.5249
-0.0751
-0.18307
-0.29372
-0.29371
0.17739
-0.1892
-0.28897
0.09687
0.00277
-0.19999
0.31683
0.52244
0.02244
0.52243
-0.2
-0.1
0.5
0.4092
0.12544
0.42546
0.20302
-0.39766
4.8E-4
-0.16721
0.34798
0.34797
-0.34934
0.12508
0.52508
0.52509
-0.1752
0.62482
0.31181
0.57939
-0.32011
0.24826
-0.49719
-0.29999
-0.48316
-0.37755
0.52244
0.22243
0.1
0.5
0.0
0.0092
0.12544
0.22546
0.50042
0.30051
0.10051
0.13282
-0.45198
0.44802
0.25071
0.3251
-0.1749
0.3251
-0.17517
-0.17517
0.41088
-0.12285
0.07909
-0.25348
0.40306
-0.29696
-0.28313
-0.07752
0.32244
0.12243
0.3
0.1
-0.29853
0.11172
-0.07456
0.32544
-0.29829
0.30051
0.50051
0.13282
0.54802
0.54802
0.05071
0.7251
0.5251
-0.07489
0.12483
-0.17517
-0.18817
-0.12285
0.37918
0.04826
0.00304
0.10304
0.51687
-0.17752
-0.07756
0.32243
0.5
-0.3
-0.09836
-0.0878
-0.07456
-0.17456
-0.39814
-0.0995
-0.3995
-0.26577
-0.35199
0.14802
0.65417
0.52493
0.32493
-0.08304
0.30679
-0.09322
0.37788
0.20983
-0.38804
0.29866
0.40304
-0.09696
0.31575
-0.37842
-0.37756
-0.37757
0.3
-0.3
0.20158
0.0122
-0.47456
-0.47456
0.50201
0.50048
-0.49952
0.23564
-0.352
0.14802
0.36288
-0.27534
0.62466
0.50487
-0.02268
0.3773
0.62044
0.30004
-0.39777
-0.29696
-0.19696
0.30304
-0.09996
-0.38986
-0.47756
0.52243
