0.10177
-0.19823
-0.4027
-0.0027
-0.40424
0.16461
-0.05458
0.04515
-0.15501
-0.05318
-0.15096
-0.55375
0.14512
0.03097
-0.59545
0.20453
-0.19537
0.40434
-0.09575
-0.3912
0.03561
0.04329
-0.45541
-0.45366
0.44772
-0.35496
0.06207
0.46207
-0.29823
0.10177
0.3973
-0.5027
0.39576
-0.13539
-0.25457
0.44558
0.24434
-0.46511
0.43368
-0.46625
0.11671
-0.59373
-0.5955
0.20453
0.40463
-0.29549
0.40392
-0.19131
0.23058
-0.16726
-0.1677
0.42989
-0.35894
0.04187
0.36207
-0.53793
0.40177
0.50177
-0.2027
-0.1027
0.49576
0.06461
-0.05458
0.24373
-0.16668
-0.17764
0.22077
0.22277
0.11327
0.30452
-0.39547
-0.49545
-0.39536
0.20461
-0.09621
0.40892
0.32777
0.0259
-0.47528
-0.17478
-0.56691
0.13976
0.36207
0.06207
0.50094
-0.29906
0.09857
0.39857
0.19704
0.37695
-0.34872
0.44229
0.03681
0.13785
0.05404
-0.54056
0.44707
-0.55462
0.33472
0.21831
-0.08282
0.22136
-0.35193
-0.45324
-0.15337
0.45788
-0.35251
0.24558
0.44748
-0.35092
0.27304
-0.02686
-0.4
0.5
-0.3
0.0
-0.20148
0.095
0.4687
0.15997
-0.44501
0.15608
0.08091
-0.32446
0.4708
0.37125
0.38583
-0.04903
-0.05022
-0.13843
-0.32798
0.06841
0.06706
-0.5228
-0.42829
0.37001
-0.22807
0.27349
-0.51089
-0.20859
-0.5
-0.4
-0.2
-0.39999
0.39876
0.49428
-0.53201
-0.43674
0.15838
0.15999
0.48092
0.07504
-0.32439
-0.31872
0.29183
0.36533
-0.53562
0.46844
0.07773
-0.12845
0.46851
-0.02042
-0.02701
-0.4301
-0.22815
0.07317
-0.3152
-0.21425
-0.5
0.3
0.40001
-0.49966
-0.40094
0.18661
-0.33652
0.36346
-0.13693
-0.23558
-0.01905
-0.21653
0.0821
0.48106
-0.30817
-0.13465
-0.13565
0.1682
0.27575
-0.53151
-0.32666
-0.32237
-0.02397
0.37024
0.47325
0.47524
0.37992
0.38058
0.2
0.4
-0.09999
-0.09969
-0.50078
0.48703
-0.13755
-0.03844
0.1606
0.46408
-0.42708
0.37489
-0.01567
-0.00977
0.09184
0.46527
0.46426
0.06643
0.38039
0.47057
0.17349
-0.5304
-0.43201
-0.32873
-0.22344
0.17771
-0.21782
-0.51782
0.4
-0.4
1.0E-5
3.0E-4
-0.40062
0.28894
0.3644
-0.23752
0.16185
-0.23063
0.06338
-0.03081
-0.52245
-0.01171
-0.4199
-0.247
-0.04965
-0.34782
-0.32421
-0.23611
-0.32623
-0.22912
-0.22061
0.37861
-0.523
0.27865
-0.01784
-0.51784
-0.3
0.5
-0.49999
0.1003
0.4994
-0.21083
-0.03567
0.26336
0.26442
-0.02311
-0.24064
0.16006
-0.22948
0.47989
0.17182
0.14343
0.24064
-0.55555
0.36752
0.3561
-0.12651
-0.12743
0.07007
0.07678
0.07945
-0.51903
0.28207
0.18208
0.4
0.2
0.50034
0.40067
0.0994
-0.41073
0.46432
-0.03665
0.4628
-0.2296
0.36192
-0.33667
0.07208
0.47942
-0.32871
0.2428
0.44024
0.43961
0.26607
-0.24103
-0.53832
0.25853
0.1597
0.25938
-0.11713
-0.31895
-0.51798
0.38201
-0.3
0.0
-0.09965
6.7E-4
-0.20093
-0.11117
0.0655
-0.57011
-0.38345
-0.57364
-0.37155
-0.0567
-0.25281
-0.3548
0.33332
-0.19265
0.30649
-0.39112
0.13516
0.2335
-0.56141
0.15491
-0.34385
-0.54249
0.46497
-0.03541
0.08201
-0.31799
0.40039
0.30039
0.40037
0.50063
-0.40091
-0.31079
-0.21869
-0.59478
0.39192
2.6E-4
0.40234
0.2203
0.12226
-0.58866
0.40306
0.1746
-0.22626
-0.41893
-0.29294
-0.59015
-0.29604
0.26047
0.35856
0.15456
0.44558
0.15404
-0.43447
-0.13447
-0.49961
3.9E-4
-0.29997
-0.1997
-0.40087
-0.31266
-0.02205
0.18721
-0.21311
0.00145
-0.49655
0.20843
-0.392
0.30424
0.19614
-0.53386
-0.13262
0.37122
0.29712
0.19641
0.20561
-0.12015
-0.5394
0.15536
-0.55419
-0.13876
-0.33776
-0.33776
0.20039
-0.49961
-0.39958
0.50068
0.49952
-0.31193
-0.12172
0.3856
0.08613
0.00337
0.40348
0.30584
0.20774
-0.29929
-0.60387
0.16978
0.26887
-0.02758
0.29948
-0.19851
-0.39134
-0.2201
0.15989
-0.04524
0.44553
0.16122
-0.43731
-0.03731
3.9E-4
0.20039
-0.09958
0.50068
-0.40048
0.28843
0.4786
-0.17341
0.32711
0.14196
-0.15664
-0.45491
0.34723
0.14029
-0.16436
-0.4907
0.10841
-0.38795
-0.56099
-0.05889
0.04799
-0.52158
0.26004
-0.24443
-0.45536
-0.25672
0.15023
-0.03795
-0.09961
0.40039
0.50042
0.10069
-0.50048
-0.12033
0.16403
0.15901
-0.04053
-0.22156
-0.5037
-0.3119
-0.1094
-0.51401
0.47758
-0.14956
0.24948
0.153
0.27977
-0.51793
-0.01202
-0.40535
0.36436
0.1549
-0.45578
-0.45818
0.14984
-0.23856
-0.49979
-0.29979
0.30023
-0.4995
0.48508
0.16563
-0.23956
0.35859
-0.04083
-0.52443
-0.50633
-0.10492
0.19609
0.09405
-0.41409
-0.24081
-0.44106
-0.03295
-0.00847
0.18953
0.08273
0.28096
0.26224
0.2518
0.34387
-0.55734
0.46806
0.27894
-0.1
0.4
0.20001
-0.40075
-0.41943
0.06208
0.24014
0.03833
0.14514
-0.43145
-0.22992
-0.43155
-0.3305
0.36752
-0.1343
0.33933
-0.16039
-0.0524
-0.42621
0.27213
-0.53073
0.36875
-0.53334
-0.24609
0.35308
-0.44942
-0.14292
0.16328
0.2
-0.2
1.0E-5
0.09925
-0.52961
-0.04299
-0.26333
-0.56528
-0.35725
0.15446
0.15809
0.46207
0.06347
0.06146
0.06159
-0.0619
0.43921
0.0429
-0.23231
-0.33392
-0.53411
-0.13471
-0.42539
-0.13363
0.45078
0.14949
0.35472
-0.44456
0.5
0.3
0.50001
-7.1E-4
0.07079
0.35838
-0.15414
0.4447
-0.35451
0.05201
-0.14753
-0.54112
-0.13446
-0.43701
-0.33688
-0.4588
-0.0599
-0.2561
-0.02215
0.07653
0.27385
-0.52706
0.17528
0.36985
-0.24815
0.35267
-0.44403
-0.34403
0.3
0.5
-0.49999
-0.10073
-0.11292
-0.22552
-0.14695
0.15107
0.34546
-0.05153
-0.3512
-0.54087
-0.12102
-0.01037
0.38971
0.07452
0.4749
-0.22219
0.00239
-0.31031
0.48905
0.08857
-0.01869
-0.13042
-0.43699
-0.23684
-0.33625
0.46421
0.2
-0.5
-0.4
0.39899
0.19765
-0.40274
-0.11652
0.37645
-0.5265
-0.12817
-0.32843
-0.02517
0.49022
0.20982
0.40999
-0.28745
0.41901
-0.38085
-0.38431
-0.09009
0.40408
-0.50019
-0.11219
0.48657
0.18488
0.38495
-0.00853
0.29243
-0.4
-0.5
0.5
-0.00101
0.49739
0.09862
-0.0096
0.37963
-0.02538
0.0731
0.17216
-0.02786
0.48323
0.19847
-0.40112
0.20272
-0.38896
0.11182
-0.28786
-0.18345
-0.49189
0.50177
-0.01269
0.18806
0.18675
-0.21336
-0.40229
-0.10229
0.3
0.0
-0.1
-0.40101
0.1974
-0.40115
-0.40829
-0.31966
-0.42442
0.37408
0.37336
0.37337
-0.21633
-0.10886
0.19114
-0.20373
0.3045
0.40449
0.20505
-0.19339
0.30653
0.20311
-0.31139
0.08917
-0.41177
-0.51185
-0.30243
-0.40243
0.0
-0.2
0.29995
0.19888
-0.50264
-0.20163
-0.00845
0.08934
0.48806
-0.32306
-0.12663
0.07338
-0.51633
0.39114
0.09115
0.196
-0.39551
0.30449
-0.09501
0.40661
-0.49347
-0.09689
0.4896
0.19068
0.19426
-0.30014
0.49757
0.09757
-0.3
0.4
0.49993
0.49885
-0.30262
-0.50158
-0.50848
-0.41066
0.18872
0.27959
-0.22282
0.07824
-0.00848
-0.50344
-0.50381
0.19876
-0.29468
-0.29478
-0.49659
0.30055
0.50244
0.40296
-0.10674
-0.10637
0.39585
0.09994
-0.30243
0.09757
0.5
0.2
-0.30006
-0.50115
0.1974
-0.10135
-0.20842
-0.01076
-0.41082
-0.01276
-0.41318
0.38663
0.00396
-0.39487
-0.29558
0.30542
-0.4933
0.00646
-0.19842
-0.30917
0.39564
-0.3976
-0.39763
-0.09764
-0.29759
-0.29883
0.19757
-0.20243
