0.31207
0.01207
-0.4865
0.5135
0.31363
0.41698
-0.38255
-0.18254
0.01746
0.31736
-0.08274
0.25093
0.55094
-0.04861
-0.20321
-0.20321
0.19704
0.29703
-0.20301
-0.11626
-0.34874
-0.44882
0.15112
-0.44914
-0.26803
-0.38264
-0.48276
-0.38276
-0.18793
0.01207
-0.3865
-0.4865
0.41363
0.21698
0.21745
0.21746
-0.08254
-0.08251
0.51743
0.35116
0.57601
0.29357
0.09679
0.49679
-0.20296
-0.30297
-0.30301
0.58151
0.35134
0.05133
0.35128
-0.44886
0.13151
0.31736
-0.18276
0.11724
-0.38793
0.51207
0.2135
-0.1865
-0.38637
0.01698
0.21745
-0.08247
-0.08189
-0.06747
0.34683
0.05171
-0.22555
0.49679
-0.10319
-0.40309
0.49704
0.49703
-0.30301
0.27972
-0.14863
0.45145
-0.24851
-0.44875
0.33122
-0.18262
0.31724
-0.18276
-0.1936
-0.2936
0.30715
0.20715
-0.39273
0.2092
0.50975
0.20993
0.00994
0.22424
0.03742
0.53668
0.2683
-0.12016
0.37518
-0.21946
0.16858
-0.13272
-0.42961
0.36501
0.26428
0.44303
0.04375
0.14373
-0.0762
0.11
-0.29023
-0.49026
0.30001
0.10001
0.40001
-0.09999
-0.09991
-0.39974
0.50099
0.50109
0.40116
0.41518
-0.06596
-0.03872
-0.21699
-0.42513
-0.38557
0.13591
0.32461
-0.09614
-0.0599
-0.35382
-0.03738
0.03533
-0.36463
0.13528
-0.1846
0.00149
0.40058
0.40023
-0.29999
1.0E-5
-0.39999
0.50001
-0.09991
0.20026
-0.39927
7.9E-4
9.3E-4
-0.19919
0.53397
0.57114
-0.30927
-0.42481
0.21428
0.21699
0.00481
0.10378
-0.06207
0.0464
0.0628
0.03558
-0.46455
0.13527
-0.28461
-0.29854
0.30028
-0.09974
0.40001
1.0E-5
0.50001
0.20001
-0.49991
0.50032
-0.49939
0.10062
-0.29938
-0.49953
-0.06602
-0.22989
0.29048
0.17627
-0.18588
-0.08312
0.20489
0.20386
0.13884
-0.05305
0.26291
0.16004
0.53541
0.53511
-0.38514
-0.09907
-0.39967
-0.39967
0.50001
0.10001
0.20001
0.50001
0.20009
-0.09974
-0.29962
0.50039
0.50039
-0.2997
-0.04444
-0.12604
-0.22996
0.33798
-0.48612
-0.38331
-0.49497
0.30411
-0.47615
-0.46474
-0.23702
0.58
0.55723
-0.06519
-0.18582
0.50035
0.30033
0.20033
-0.39999
0.30001
0.30001
0.40001
0.50009
-0.39975
-0.19962
-0.09961
-0.09961
0.4003
0.37877
0.47889
-0.06007
-0.48655
0.51394
0.31675
0.00516
-0.29564
-0.29794
0.42238
0.36292
0.38003
-0.04523
-0.16515
0.41445
3.3E-4
3.3E-4
-0.49967
0.50001
-0.39999
-0.39999
-0.29999
0.20009
0.40025
0.20038
0.30039
0.5004
0.31743
0.57884
0.37894
0.44127
0.51348
-0.18599
0.01694
0.50538
0.20444
0.4022
-0.3759
0.16299
-0.02
0.16167
0.53458
0.41445
3.3E-4
0.40033
0.40033
0.30001
0.20001
0.20001
0.50001
0.30009
0.50024
-0.29962
0.30042
-0.17894
0.25226
0.17895
0.37085
-0.46315
-0.28672
-0.38552
-0.48265
-0.19449
-0.49487
0.00226
-0.17749
-0.14683
-0.22024
-0.02101
-0.02948
0.11411
0.40033
-0.19967
0.50033
-0.39999
-0.09999
-0.49999
0.40001
-0.49991
0.10091
0.00108
0.20745
-0.14398
0.38608
0.08588
-0.15899
-0.48114
-0.07968
-0.27828
0.02448
0.31253
0.01198
0.20914
0.30934
0.32453
0.37962
-0.22094
0.37148
0.01419
-0.29961
0.30033
-0.39967
1.0E-5
0.10001
0.20001
0.50001
9.0E-5
0.30158
0.30179
0.01507
-0.03734
-0.30645
0.59332
0.04629
-0.47313
0.44722
0.44889
0.15242
0.54045
-0.361
0.03522
0.21655
0.13134
-0.32104
-0.2212
0.47864
0.45892
-0.38122
0.10039
-0.19961
-0.09999
0.40001
0.20001
-0.19998
-0.09989
-0.19842
0.10179
0.35986
0.47671
0.09354
0.09198
-0.04037
-0.02846
-0.12687
0.37391
-0.12263
0.46528
0.26402
0.06113
0.46118
0.07596
0.07891
-0.22108
0.47879
0.25892
0.10046
0.20046
0.40046
-0.49999
-0.49999
0.40001
-0.29998
0.30011
0.10158
0.1018
-0.01368
-0.20627
0.59368
-0.10781
-0.44
-0.02827
0.17397
-0.42547
-0.12279
-0.23519
0.26364
0.26059
0.56018
-0.32478
0.27884
0.27887
0.0788
-0.14105
-0.09951
-0.19952
0.50048
0.10001
-0.19999
0.30001
0.30002
-0.09989
0.40099
0.10114
-0.22326
0.48553
-0.40962
-0.40933
0.38219
-0.00163
0.2006
-0.39883
0.10386
-0.20841
0.59028
0.38724
0.38681
0.50216
0.2137
0.31374
0.01372
0.29394
0.37734
-0.33472
-0.26466
0.50001
0.10001
-0.49999
-0.19998
0.50011
0.32326
0.13857
-0.0307
-0.12091
0.30314
-0.34551
0.50519
0.62533
0.32745
0.12822
-0.09004
0.37311
-0.02823
-0.13124
0.46818
-0.11578
-0.41993
-0.28818
-0.37524
-0.09497
0.49102
0.37583
0.44634
-0.09999
-0.39999
-0.49999
-0.49984
-0.29962
-0.3771
-0.3299
-0.22313
0.0792
0.40254
0.25905
-0.10981
0.20904
-0.28937
0.3109
0.20836
0.49047
-0.01181
0.17415
-0.05299
-0.43705
0.48014
0.31139
-0.07526
-0.19499
-0.309
0.27388
0.14618
0.50001
-0.19999
0.50001
0.0143
0.02732
0.14515
-0.22102
0.57995
-0.2379
0.17022
-0.11471
-0.18172
-0.36284
-0.36139
-0.26152
0.3412
0.32904
0.02655
0.5072
-0.02628
0.07516
0.08053
-0.41944
-0.39835
0.31935
-0.18287
-0.39168
-0.02194
0.50001
0.10001
0.30001
0.21429
0.25863
-0.23069
0.58001
0.48015
-0.44391
-0.22819
0.19191
0.51648
0.43249
0.43391
0.4339
0.53616
-0.27615
0.02202
-0.29689
0.56982
0.06969
-0.23031
-0.23033
-0.43018
-0.38545
-0.28559
0.21158
0.60182
0.20001
0.20001
0.30001
0.41395
-0.42828
-0.42073
0.3801
0.08005
0.15911
-0.13167
0.58558
-0.31389
-0.10253
0.29888
0.199
-0.31119
0.16345
0.26213
-0.04589
-0.36506
0.13479
-0.26525
0.43484
-0.46501
0.17967
-0.02035
0.47957
0.07942
-0.09999
0.10001
-0.29999
0.21397
0.56179
0.36678
-0.10306
-0.09159
0.29933
-0.26821
-0.24934
-0.24914
0.05159
0.53971
-0.26017
0.5119
0.46034
-0.04055
-0.25294
-0.17492
0.32492
-0.07511
0.22519
-0.4585
0.16289
-0.33307
-0.33316
0.0667
-0.19999
-0.49999
0.20001
-0.48607
-0.16601
-0.26593
-0.3574
-0.34684
-0.04687
-0.2213
-0.11078
-0.0108
0.29699
0.60097
-0.0989
-0.1135
0.55481
0.45479
0.04617
0.02006
0.22
-0.48253
-0.19947
-0.09955
-0.17428
-0.46585
-0.16599
-0.46615
0.50001
0.50001
0.20001
-0.28619
-0.36616
0.03397
0.44202
-0.24691
-0.14692
-0.22241
0.38921
0.38921
0.1079
-0.27853
0.62153
0.60259
0.36887
0.26886
0.05902
0.43263
-0.36736
0.1269
-0.49938
0.10046
0.02573
0.53414
0.53391
0.13376
0.10001
0.30001
0.40001
-0.48619
-0.06617
0.53397
0.4421
-0.24692
0.25302
0.1777
-0.31069
0.58931
0.50803
-0.3784
0.1216
-0.39842
-0.23108
0.36892
-0.4416
-0.16718
-0.16712
-0.47324
5.5E-4
0.10047
-0.07418
0.43423
-0.46597
-0.16597
1.0E-5
-0.29999
0.30002
0.01402
-0.1661
0.53397
0.2421
0.55302
-0.04708
-0.42232
-0.11069
0.18931
-0.09197
-0.0784
0.5216
0.60264
0.06892
0.46892
0.35912
-0.26718
0.33288
0.42709
-0.49945
0.40047
0.52577
-0.46587
-0.06597
0.43403
-0.49999
1.0E-5
0.20002
-0.08594
-0.36609
0.33396
-0.05737
-0.44697
0.45292
0.27875
-0.41071
0.18929
0.3976
0.40158
0.10158
-0.41302
0.25512
-0.34488
-0.35342
0.02054
-0.17942
-0.38199
-0.29948
0.20046
-0.17594
0.03278
-0.16597
-0.36597
0.50001
-0.09999
-0.39998
0.21406
0.03391
-0.26605
-0.25633
0.25303
-0.14709
0.17978
-0.41079
-0.11079
-0.01772
-0.03108
0.46892
0.25368
0.13263
-0.46737
0.12229
-0.19948
-0.29945
-0.09951
0.30044
-0.19961
0.40047
-0.48438
-0.46597
0.43403
