0.50033
0.50033
-0.39991
0.50009
-0.29989
0.18829
0.37677
0.37677
-0.32323
0.17675
-0.42327
-0.22328
0.3767
-0.32417
-0.32423
0.47599
-0.13977
-0.23975
0.16054
-0.43846
0.46119
0.2612
-0.43514
-0.52326
0.47674
-0.52322
0.37717
-0.22283
-0.19967
0.30033
-0.09991
-0.09991
-0.29989
-0.11171
0.27677
-0.02323
-0.12324
0.17674
-0.22329
-0.22385
0.17657
0.17581
0.17576
-0.32401
0.36023
0.46024
-0.53947
0.06158
-0.33881
-0.1388
-0.13514
0.27677
-0.22322
0.27678
-0.42283
0.27717
-0.29967
3.3E-4
-0.39991
-0.19991
0.30011
-0.51171
0.47677
-0.12363
0.37738
-0.12219
-0.22229
-0.12306
-0.02359
-0.52406
-0.13743
0.06198
0.26023
0.06024
-0.53947
-0.23836
-0.53882
-0.33878
-0.4351
-0.12322
-0.12322
0.27678
0.37717
0.37717
-0.19982
0.10018
4.0E-5
-0.09996
0.30006
0.08982
0.18832
-0.51232
-0.5124
-0.0124
0.28712
-0.51261
0.27679
-0.42664
-0.32943
-0.42604
-0.41358
0.08665
0.28644
0.07504
0.18309
0.48337
-0.52913
-0.42389
-0.02389
0.37611
-0.32365
0.47664
-0.2
-0.2
0.2
0.5
-0.19998
-0.20095
-0.29983
-0.19991
-0.19997
0.30002
0.0985
-0.00201
0.38624
-0.41704
-0.11517
0.18714
0.19943
-0.39983
0.09951
-0.31239
-0.22899
0.46703
-0.1332
-0.52406
-0.32383
-0.52338
-0.21035
0.49947
-0.5
0.1
-0.4
-0.1
0.40002
0.39958
0.39989
0.39989
-0.2999
0.3004
-0.40771
0.38831
0.48432
0.48228
0.29354
0.29378
-0.50003
0.30017
0.19969
0.48751
0.36999
0.16096
-0.03537
0.47651
0.17682
-0.52281
0.20004
4.0E-5
-0.2
-0.3
-0.3
-0.3
-0.49998
-0.40041
-0.5006
-0.40059
-5.8E-4
-0.1999
0.2914
0.48348
-0.11646
-0.01781
-0.39962
0.50026
0.09997
-0.40013
0.09016
-0.52579
0.16475
0.26031
-0.33526
-0.22312
-0.51412
-0.41092
-0.39996
0.40004
0.0
-0.1
0.3
-0.3
-0.09998
0.20003
-0.49968
0.50033
-0.29956
0.29278
-0.01217
-0.11668
-0.21143
-0.11062
0.10038
-0.09974
-0.10004
0.29979
0.28868
0.36487
0.35971
-0.04029
0.26419
-0.52281
0.10004
-0.29996
0.20004
0.30004
0.5
0.5
-0.1
0.3
-0.19998
-0.29997
-0.19968
-0.29954
0.20056
0.48472
-0.31373
-0.21102
-0.30026
-0.20063
-0.29943
-0.29955
0.10017
-0.19996
-0.30893
0.06541
-0.44032
-0.34031
0.1642
-0.12282
0.09068
0.10004
-0.09996
-0.09996
0.4
-0.1
0.0
0.5
0.20002
-0.49997
-0.09968
0.30048
0.49268
-0.41545
-0.50932
-0.30095
0.1998
-0.10052
0.50067
5.7E-4
-0.39971
6.0E-5
-0.01226
-0.43454
-0.34032
-0.24011
0.06793
0.48373
0.19068
0.20004
0.40004
-0.49996
0.3
-0.4
0.3
0.5
2.0E-5
-0.49986
-0.29945
0.48476
-0.11447
-0.41251
0.49151
0.4993
-0.1001
0.19948
0.50066
-0.39944
-0.30039
-0.52304
-0.22256
0.36546
-0.33974
0.06066
-0.22356
0.49933
-0.49996
4.0E-5
-0.29996
0.40004
-0.1
-0.2
0.2
0.1
2.0E-5
-0.20493
-0.00467
-0.32606
0.37682
-0.21167
0.08831
-0.31045
0.38986
-0.21126
0.48996
0.08958
-0.31113
-0.43381
0.36666
-0.34464
0.15744
0.26409
-0.32379
-0.2007
0.30033
0.50033
0.50004
-0.29996
0.0
-0.2
-0.1
-0.1
0.10025
0.47797
-0.02632
-0.5368
0.46543
0.17649
0.37647
-0.22229
-0.52196
-0.22359
-0.5231
-0.34607
0.25364
-0.14618
0.05433
0.04413
-0.34417
0.08349
0.18717
-0.40092
0.49909
0.09982
0.40033
-0.19967
-0.4
-0.3
0.20023
0.19013
-0.11551
-0.12541
0.37347
-0.02348
-0.42348
-0.0235
-0.42353
0.37647
-0.3232
-0.12431
0.1762
-0.14677
0.15291
-0.04687
0.15362
0.4429
0.05342
-0.01678
0.48717
-0.30092
-0.40091
0.40033
-0.09967
-0.39967
-0.3
-0.3
0.50023
0.29079
-0.21551
0.07468
-0.2263
-0.43901
0.16099
0.36099
-0.43901
-0.03902
-0.33926
-0.16222
-0.26221
-0.06232
0.23739
0.13794
-0.45399
-0.33786
0.4671
0.38322
-0.41649
0.28355
-0.21644
0.4848
0.1848
0.4848
0.2
-0.5
-0.09977
0.09079
-0.51551
0.37987
-0.22024
0.17349
-0.22651
-0.12557
0.27474
-0.42107
0.47948
-0.04327
0.45649
0.45638
0.35609
0.35662
-0.23576
-0.31916
0.08438
0.48943
0.08972
0.08975
-0.41024
-0.41015
0.29018
0.391
0.4
0.4
-0.29977
-0.00968
-0.41551
0.18391
-0.21651
0.08327
-0.41673
-0.02219
-0.02351
-0.5189
-0.11788
0.05934
-0.44086
0.16342
0.46849
0.06896
0.37549
-0.40676
-0.40797
0.19263
0.39206
0.29171
-0.30828
0.09172
-0.50785
0.29296
0.0
0.2
0.10012
0.49304
0.09202
-0.50855
-0.30945
0.09055
-0.10945
-0.41499
-0.41748
-0.52758
-0.52891
0.46537
-0.13391
0.06716
0.47243
-0.20642
0.30286
-0.20349
-0.50715
0.49286
-0.30504
-0.39276
-0.49265
-0.30004
0.19952
-0.40005
0.3
-0.4
-0.1
0.1
0.20031
0.49979
-1.0E-5
0.19998
5.0E-4
-0.50443
0.29195
-0.32175
0.07543
0.37431
0.27456
0.07459
-0.12128
0.09799
-0.09813
-0.50237
-0.50622
0.19378
0.19753
-0.39114
0.10791
0.20791
-0.09192
-0.2917
-0.1
-0.2
-0.1
0.0
0.39965
-0.50062
-0.2997
0.40028
-0.09905
0.18386
0.27728
0.37434
-0.42622
-0.42733
-0.126
0.48693
-0.00422
0.29609
-0.50013
-0.20424
-0.50784
-0.30784
-0.40436
0.10754
0.3062
0.0062
-0.2938
0.3062
-0.5
0.3
-0.5
-0.2
-0.5008
-0.501
0.50016
-0.49985
-0.29913
0.37726
-0.43264
-0.33273
0.26759
-0.03353
-0.33148
-0.30757
0.39502
-0.40473
-0.40334
-0.01059
-0.41414
-0.21414
-0.21067
-0.19877
-0.3
-0.2
0.2
0.4
0.3
-0.3
0.3
0.1
-0.50075
0.39915
-0.20004
0.29994
-0.39958
-0.32097
0.47253
0.17244
0.26249
0.456
0.05711
-0.123
0.48389
-0.41595
-0.11044
-0.30841
0.28968
0.48968
0.39163
-0.49963
-0.29999
-0.39999
-0.49999
0.20001
0.0
0.5
0.1
0.0
0.0
0.4
-0.10006
-0.20007
-0.40007
-0.50286
0.496
-0.104
-0.41344
-0.12058
-0.32061
-0.42105
0.47985
0.17986
-0.0162
-0.50958
0.09042
-0.50833
-0.5
-0.5
0.2
-0.5
0.4
-0.5
-0.2
-0.3
-0.3
0.1
0.4
0.09962
-0.50053
0.29946
-0.10054
0.2968
0.19554
-0.10439
-0.51351
0.27939
-0.22064
-0.52174
-0.02169
0.37832
-0.31928
-0.31573
0.08427
-0.31335
-0.30047
-0.20047
-0.30046
-4.5E-4
-0.1
-0.2
-0.1
0.5
0.0
0.0
-0.2
0.29953
-0.30098
-0.30099
-0.20099
-0.40365
-0.20492
0.19508
-0.51403
-0.02064
0.37936
0.27827
0.27831
-0.52169
-0.31943
0.18336
-0.31664
-0.11364
0.19908
0.09908
0.49909
-0.10089
-0.3
-0.2
-0.2
0.2
-0.4
-0.2
-0.2
0.19953
-9.8E-4
-0.30099
-9.9E-4
0.39635
-0.30492
0.09508
-0.41403
0.07936
-0.32064
0.47826
-0.02169
0.37831
-0.21951
-0.31664
0.28336
0.2862
0.49908
-0.20092
0.49909
0.19911
0.4
-0.5
0.3
-0.1
0.1
-0.4
0.2
-0.50047
-0.30098
-0.20099
-0.40099
0.19622
-0.50492
-0.40492
-0.01434
-0.02061
0.27939
-0.22105
-0.52019
0.47981
-0.51654
-0.51067
0.18933
-0.20941
-0.40092
0.09908
-9.1E-4
-0.40089
-0.5
-0.2
0.2
-0.3
-0.3
0.0
0.5
-0.30047
-0.10098
-9.9E-4
0.19901
0.1961
-0.30492
-0.20492
-0.41511
0.07943
-0.12057
0.37997
0.08224
0.08224
0.2884
-0.30092
0.39908
-0.50092
0.09908
-0.30092
0.39909
0.29911
-0.4
-0.4
