-0.09998
-0.09998
-0.50018
-0.50018
0.50007
0.50097
-0.08012
-0.08
-0.47993
0.42005
0.19769
-0.53365
0.1548
-0.24607
0.0474
0.44795
0.33677
0.07425
-0.40472
-0.40279
-0.39669
0.50419
-0.09159
0.32236
0.22034
-0.48091
-0.19978
0.30022
-0.09998
-0.49998
0.09982
0.09982
-0.49992
0.20066
-0.38043
0.38901
-0.21002
-0.30679
-0.32887
-0.54102
0.0505
0.2484
-0.25209
0.34795
0.43781
-0.538
-0.02975
-0.43149
0.07208
-0.29799
-0.49337
-0.47904
0.11902
0.42062
0.20022
-0.19978
-0.19998
0.50002
0.09962
-4.6E-4
0.49978
0.30066
0.41926
0.4783
0.37669
0.37816
-0.44313
-0.3467
0.05047
0.44806
0.03175
-0.16939
0.1386
-0.34577
-0.14569
-0.14356
-0.13903
-0.29832
0.40619
0.12095
0.32048
0.41967
-0.19977
0.10022
-0.29999
0.30001
0.49969
0.49961
0.19961
0.26683
-0.22305
0.37619
-0.02422
-0.42043
0.14457
-0.26549
-0.57372
-0.17803
0.21791
-0.57818
-0.45075
-0.13366
-0.23742
-0.35673
0.24421
0.45046
-0.03504
0.01196
-0.38952
-0.49021
-0.29901
0.30091
0.40004
0.30004
-0.29998
0.39984
0.09972
-0.32942
0.48061
0.07877
-0.22186
-0.21947
-0.24333
-0.04429
0.13589
-0.07132
0.23205
0.13476
0.4558
-0.34766
-0.146
-0.16202
0.23212
0.33621
-0.54645
0.50105
0.49993
-8.3E-4
-0.49624
0.2033
0.10004
0.30004
-0.19996
-0.49996
0.08226
-0.53319
-0.21831
0.38213
-0.11412
0.38432
-0.04677
-0.13527
0.4622
0.05753
-0.22686
0.36699
0.3725
0.15744
0.06844
0.34154
0.23243
0.33577
-0.25083
-0.01651
0.09955
-0.40118
-0.09536
-0.49539
0.10004
0.20004
0.50004
-0.02614
0.35895
-0.43874
-0.01745
-0.51723
-0.10808
0.39421
-0.4329
-0.5336
-0.02284
-0.12445
-0.30262
-0.12083
0.37308
0.07782
-0.10483
-0.45296
-0.16804
0.43249
-0.05699
-0.2403
0.27471
-0.30158
0.40427
0.20418
0.30003
-0.09997
-0.09996
-0.52328
-0.44105
-0.33873
-0.41739
-0.21701
-0.4093
-0.51517
-0.53955
0.36492
-0.41639
0.48503
0.29815
-0.52006
-0.12626
-0.22157
0.29718
-0.05308
0.03195
0.13086
-0.05891
0.45975
0.07676
0.1986
-0.09629
0.5037
0.10003
0.30003
0.10003
-0.12287
-0.44116
-0.53936
-0.1182
0.4062
0.52376
0.47658
-0.53473
-0.12181
0.00756
0.20987
-0.29067
0.19056
-0.41522
0.18673
-0.30548
-0.20898
-0.54426
-0.06814
-0.25763
-0.23934
-0.12103
-0.10047
-0.19629
-0.4963
-0.39997
0.10003
0.40003
-0.02247
-0.04117
-0.53936
-0.01831
-0.47722
0.51329
0.27829
0.08627
-0.19851
-0.08573
0.21729
-0.48361
0.10024
0.49416
0.09147
0.38873
0.39487
0.47195
-0.56826
0.05121
0.4707
-0.11969
-0.29948
0.50402
-0.19605
0.10003
-0.39997
-0.39996
-0.22123
0.15884
-0.53913
-0.21816
-0.40947
-0.3207
0.2801
-0.09192
-0.2832
-0.28459
0.51964
0.41935
0.41963
-0.49277
-0.50568
0.39083
-0.20355
0.39027
-0.15117
-0.24285
0.27529
-0.5162
0.30423
-0.19577
-0.49577
0.50002
-0.19998
-0.09997
0.07877
-0.14118
-0.54154
-0.22283
0.48958
0.3779
0.2899
0.51615
-0.3775
-0.17922
-0.4801
0.21902
-0.38071
0.00378
0.18911
-0.01233
-0.30215
-0.39994
0.3531
-0.13907
-0.42153
0.50161
-0.17779
-0.39577
0.20423
0.10001
0.10001
0.30004
0.37918
-0.44089
0.33914
-0.06434
0.37398
-0.23835
0.2747
0.40132
-0.49353
-0.29511
-0.09748
-0.49948
0.09584
0.28189
-0.13092
-0.43125
-0.23061
0.49847
-0.14832
0.26021
-0.0226
-0.40357
-0.38014
0.42221
-0.27779
0.20002
-0.39998
0.30017
0.06704
0.03992
-0.16436
-0.26348
0.09479
-0.03032
-0.02916
-0.30262
0.09762
-0.10165
0.19353
0.49192
-0.50686
-0.42142
-0.3337
-0.13519
-0.25338
0.46301
0.43553
-0.54108
-0.02586
0.2956
0.52194
-0.37813
-0.07813
-0.19998
0.40002
0.30018
-0.33218
0.33993
0.43559
0.31871
-0.54879
0.25421
0.17727
0.17684
-0.02861
-0.32929
0.27091
-0.03004
-0.13007
-0.03056
-0.53064
-0.35551
0.44705
-0.12169
0.33664
0.25786
0.35922
-0.02151
0.3038
-0.29713
-0.19713
-0.39998
2.0E-5
-0.39982
-0.53218
0.33983
-0.26225
0.02153
-0.24838
-0.44563
0.37477
-0.52678
-0.02729
-0.4271
0.4731
0.0722
0.07205
-0.32739
-0.22332
0.34991
0.44908
-0.53961
0.02533
-0.54131
0.05995
0.07998
-0.09926
-0.50235
-0.19894
0.30002
-0.19998
0.10018
0.06677
-0.4602
0.03694
0.41701
0.25165
-0.24598
-0.42146
-0.23106
0.16695
-0.03289
-0.23244
0.36678
-0.52964
-0.23056
-0.33069
-0.44674
0.0523
0.3569
-0.47255
-0.03816
0.06095
-0.11978
9.8E-4
-0.50145
-0.49809
0.19974
0.39974
-0.40022
-0.03041
0.06341
0.33652
-0.08185
0.25851
0.05779
0.26193
-0.2344
0.26694
-0.33228
-0.52828
0.36931
-0.33092
0.16859
-0.52988
0.07868
-0.33964
0.47361
0.14233
0.06622
-0.41918
0.09732
-0.29295
0.49146
-0.50577
-0.50034
0.09966
0.09957
-0.52126
0.17701
0.14835
0.13769
-0.41976
0.3839
-0.30858
0.09257
-0.3054
0.49514
-0.50437
-0.10575
-0.50565
-0.50622
0.49346
0.49116
0.37336
0.27467
0.24298
0.26573
-0.12215
-0.52886
-0.30652
-0.4057
0.49347
-0.40035
-0.20035
-0.20046
-0.52171
-0.02556
-0.55379
-0.16077
0.16576
-0.11156
0.29563
-0.20295
-0.20165
-0.20168
-0.3026
-0.30314
-0.30315
0.39664
0.39695
0.29617
-0.02208
-0.34361
0.33815
0.04133
-0.13421
-0.53065
0.1923
-0.30847
-0.10903
-0.30025
0.19975
-3.5E-4
-0.42241
0.36716
0.33943
-0.16917
-0.46853
-0.1472
-0.50501
0.09639
0.39657
-0.50382
-0.00471
-0.50486
-0.20597
-0.5073
-0.10709
0.08301
0.23189
0.42309
0.02322
-0.18206
0.45453
-0.533
-0.30928
-0.31001
-0.21001
0.09996
-0.50004
0.39982
0.06523
0.33067
0.42745
-0.57889
-0.57185
-0.02923
0.09367
0.08861
-0.21081
0.48396
-0.11867
0.18125
-0.30979
3.7E-4
0.50048
0.39059
-0.07097
0.21577
-0.58402
0.42107
-0.14656
-0.23307
-0.00667
0.19333
-0.30667
-0.1
0.4
-0.30009
-0.09961
-0.44127
-0.45881
-0.57065
0.03558
0.25821
0.0529
0.05294
0.07285
-0.03299
0.26292
-0.33716
-0.03277
-0.12599
0.15496
0.05208
0.13103
0.12595
0.3269
0.44112
0.28299
-0.49807
0.30235
0.20181
0.10181
0.3
0.2
-0.5
7.9E-4
-0.0234
-0.15455
-0.06675
-0.46087
0.45532
0.44004
-0.35527
-0.2436
0.44703
0.14138
0.24133
0.24433
0.06614
-0.56189
-0.26875
-0.47248
-0.5762
0.32389
-0.05551
0.20076
0.10203
-0.29751
-0.29813
0.40187
-0.3
-0.5
0.2
0.10079
0.0766
0.34461
0.25646
0.05561
0.15561
0.04033
-0.56684
-0.46704
-0.17356
0.32176
-0.07824
0.22321
0.12575
-0.07404
0.13252
0.34789
0.43081
0.42379
-0.25957
-0.32549
-0.09887
-0.19838
-0.09816
-0.49816
-0.1
0.0
-0.21276
-0.02108
-0.1234
-0.22346
-0.3141
-0.24439
-0.04438
0.44019
0.33296
-0.46706
-0.57356
-0.47824
-0.47825
0.22335
-0.57404
-0.27404
0.43206
0.24789
0.13003
-0.23541
0.07314
-0.42635
0.30111
-0.09842
-0.39816
-0.39816
-0.4
-0.3
0.08568
0.07471
-0.3236
0.47632
-0.51576
0.06633
0.36783
-0.04455
0.3407
0.23293
0.32707
0.32331
-0.5767
-0.07209
-0.2655
-0.05814
-0.44691
0.36325
0.14346
-0.53255
-0.12688
-0.12637
0.30098
-0.09853
-0.49816
-0.49816
0.3
-0.4
0.2862
0.37471
-0.42419
-0.22432
-0.41774
-0.40441
-0.30361
-0.2203
-0.24703
-0.06707
-0.37218
0.22584
-0.17417
0.3354
-0.45158
0.26682
0.19214
-0.4009
-0.42007
-0.42718
-0.42695
-0.02641
-0.30034
0.40051
0.30184
0.50184
