0.50003
-0.39997
0.40002
0.50002
-0.29037
-0.47425
-0.37239
-0.07238
-0.47238
-0.28414
0.40375
-0.19607
0.00391
0.40959
-0.05282
-0.05282
0.14717
0.34703
0.54688
0.43604
-0.19297
0.10364
0.40362
0.50359
0.1036
0.32763
-0.47425
0.12575
-0.09997
-0.09997
0.50002
0.20002
-0.19037
0.52575
0.42764
-0.47212
-0.37217
-0.47985
-0.29046
0.4095
0.3296
0.34458
0.44718
0.54718
0.24717
-0.45288
0.24705
-0.26559
0.3096
0.10919
-0.09074
-0.17462
-0.17285
0.52768
-0.07425
0.22575
0.20003
-0.39997
-0.39998
0.40002
-0.09037
-0.07425
-0.07238
0.03128
-0.46683
0.12189
-0.09005
0.50999
0.22859
-0.15282
0.24718
-0.15282
-0.25283
-0.45283
0.24716
0.23302
0.10995
0.41974
-0.36942
0.33269
0.53045
-0.46966
0.42575
0.12575
3.0E-5
0.10003
0.20002
0.50002
-0.39035
-0.0747
0.22723
0.53063
-0.36675
-0.37976
-0.4955
0.00577
-0.17683
0.44157
0.3422
0.4435
0.34341
0.34198
-0.15818
0.43936
-0.4637
0.20828
-0.26775
0.53204
-0.36841
0.23138
0.12499
-0.37501
0.10003
0.50003
0.40002
0.50002
-0.29034
-0.47416
-0.47142
0.22905
-0.06893
0.51773
0.50351
0.1245
0.23193
0.13739
0.50021
0.01759
0.21831
-0.39798
0.4327
-0.06132
-0.14669
-0.47721
0.2295
0.23008
0.03008
-0.46992
-0.07358
-0.47368
-0.39997
-0.19997
0.40005
-0.29995
0.20979
-0.17401
0.12949
0.4295
0.32946
-0.08243
0.00335
-0.36912
-0.4628
-0.16279
0.20003
0.40178
0.00179
0.50193
0.14031
-0.34689
-0.33892
-0.47289
0.1293
-0.36981
0.53007
-0.36992
-0.07269
0.4273
-0.19997
-0.19997
-0.39993
0.50026
-0.29004
0.52592
-0.27051
-0.4705
-0.27058
-0.38378
-0.19847
-0.16989
-0.36282
0.13721
0.50003
0.30179
-0.2982
0.40179
0.04071
0.06143
0.56294
-0.45244
0.12843
-0.47124
0.02981
-0.4699
0.42731
-0.27269
0.50003
-0.29997
-0.29993
0.40024
0.30996
0.02579
0.32944
0.02946
0.3294
-0.0858
0.11791
0.53312
-0.46948
-0.37951
-0.19997
-0.29821
0.3018
-0.28738
0.43387
0.35285
0.45512
0.35398
0.13657
-0.37585
0.02859
-0.17108
-0.37272
-0.27272
0.10003
0.50003
-0.29993
0.40024
0.00996
-0.07429
-0.17061
0.52924
-0.27089
-0.18429
0.03988
-0.06018
-0.27396
0.30298
0.30298
-0.19533
0.41513
0.32676
0.52695
-0.15559
0.04013
0.34028
0.21894
-0.28003
0.12659
0.42725
0.22728
0.22728
-0.49997
0.40003
-0.19993
0.30023
0.40996
0.42571
-0.47062
0.42908
-0.37092
0.41632
0.44207
-0.45803
-0.17103
-0.09518
0.40482
0.51929
-0.1694
0.43064
-0.37339
0.23986
-0.15999
-0.15973
0.42501
0.21959
0.02657
0.42722
0.52728
-0.47272
-0.29997
0.50003
0.20007
-0.19977
0.20996
-0.47429
0.42938
-0.27092
0.12908
0.13111
-0.35797
-0.46468
-0.27438
0.20487
-0.29512
0.42058
-0.36933
0.02581
-0.28152
0.42147
0.03367
-0.15791
-0.45884
-0.04899
-0.17336
0.32728
0.32728
-0.27272
0.40003
0.10003
-0.29993
2.3E-4
-0.49004
0.33051
-0.3659
0.14592
0.17013
0.47019
0.45862
0.02147
0.32149
-0.27845
-0.05442
-0.15271
0.1472
0.32301
0.32132
-0.17845
-0.48311
0.34226
0.24235
-0.44531
-0.1703
-0.47084
-0.07272
-0.27272
0.30003
-0.29997
0.30007
0.30022
0.30996
0.33495
-0.3624
-0.13742
-0.21318
-0.115
0.47273
0.03555
-0.34956
0.47528
-0.32403
0.07687
0.27588
-0.14643
0.25107
-0.2619
0.13413
0.14216
-0.15763
0.26063
0.56861
-0.35268
0.12916
0.42916
0.30003
3.0E-5
7.0E-5
2.2E-4
-0.19004
-0.36499
-0.26235
-0.30027
0.19973
-0.01629
0.57263
0.07268
-0.21364
-0.00328
0.49671
-0.2112
-0.42561
-0.22562
-0.12741
0.47249
0.16836
0.14033
-0.45775
0.26052
0.46858
0.43207
0.53207
-0.36793
-0.39997
0.30003
7.0E-5
-0.39978
-0.29004
-0.16499
0.33765
0.49973
0.09973
0.2966
-0.10343
0.29658
0.59658
0.39655
0.17253
-0.12574
-0.42575
0.17426
0.17255
-0.32739
0.16677
-0.06253
0.54119
-0.43937
0.06858
0.53207
0.53207
-0.16793
0.40003
-0.39997
0.30007
-0.49978
-0.29004
0.43015
0.43192
-0.1201
0.47987
0.38047
-0.11928
0.07994
-0.02111
-0.42113
0.55485
0.25658
0.55661
-0.44335
-0.0451
-0.04507
0.35043
-0.26039
0.24535
-0.43442
0.37145
-0.23082
-0.44096
-0.06589
3.0E-5
-0.29997
-0.09993
-0.09977
0.30996
-0.05505
0.45905
0.46433
-0.1357
0.19826
0.09357
0.31065
0.30241
0.08798
-0.11198
0.55247
0.52239
-0.37761
0.02064
0.32067
0.42218
0.40559
-0.16384
-0.03356
0.07218
0.27205
-0.4407
0.33475
-0.39997
-0.19997
-0.09993
-0.49977
-0.18841
-0.35405
0.16398
0.06483
0.56427
-0.10191
-0.10222
-0.12088
-0.02073
0.37685
-0.12315
-0.42992
0.36231
-0.13949
-0.3624
0.50524
0.10852
0.50999
-0.46318
-0.03352
-0.42787
-0.42806
0.55001
-0.07306
0.10003
-0.49997
-0.29993
0.30022
0.2118
0.44403
-0.43412
-0.43293
0.05324
-0.03013
-0.39871
-0.21646
0.5838
0.38324
0.48319
0.18502
0.28496
0.38216
-0.05078
0.0094
-0.48971
0.31096
0.31098
-0.35327
-0.12986
0.36999
-0.14043
0.45287
0.10003
0.50003
-0.09993
-0.39978
0.03226
-0.4433
0.46625
-0.43386
0.44734
-0.33836
0.19103
-0.41611
0.38408
-0.11588
-0.11589
0.28589
0.48591
-0.41686
0.15071
0.41005
0.21017
0.41032
0.20919
0.22743
0.46747
-0.13346
0.36336
-0.13664
-0.29997
-0.19997
0.10007
0.10022
-0.35757
-0.43592
-0.33559
0.36154
-0.06488
0.5454
0.07786
-0.0196
-0.31966
0.48182
0.18196
-0.43588
-0.45402
-0.45476
-0.0697
-0.4929
-0.09377
0.40483
0.40409
-0.07749
-0.43619
-0.13875
0.36121
0.56121
0.50003
-0.09997
0.50007
0.40024
-0.4766
0.4444
-0.13956
-0.13892
-0.26095
0.27378
0.6005
-0.39799
0.46304
-0.30531
0.49481
-0.34095
-0.18284
0.41716
-0.02078
-0.09553
-0.4967
0.20029
0.20033
0.32933
-0.35573
0.54409
0.24409
-0.05591
0.50003
0.50003
0.30004
-0.39996
0.30019
-0.39968
-0.18396
-0.18006
0.51989
-0.06199
0.04542
-0.45476
-0.193
-0.35222
-0.15222
-0.15968
0.22585
0.62597
0.10857
-0.13254
0.4675
0.15871
0.30033
0.3002
7.0E-5
0.10007
4.0E-5
0.30004
0.40003
-0.19997
0.40002
-0.19999
0.40006
0.1003
0.21586
-0.18005
-0.48005
0.13739
0.54551
-0.35459
0.5093
-0.04441
-0.04441
0.14856
-0.16411
0.63606
0.62917
0.21047
0.61049
-0.30935
-0.49967
-0.1999
0.20009
0.20008
-0.49999
-0.29999
0.20003
0.10003
-0.49998
-0.49999
7.0E-5
0.40032
0.41587
0.01997
-0.48004
-0.0626
0.34561
0.54562
0.20949
0.25576
-0.24424
-0.25165
0.5362
0.43619
0.22871
-0.38949
0.21051
0.28957
-0.49965
-0.29988
-0.0999
-0.49991
0.50001
0.50001
0.50003
-0.09997
0.50002
1.0E-5
-0.39998
0.10003
0.11554
0.11996
0.21996
0.5374
-0.25438
0.44562
0.30949
0.45576
0.05576
-0.25127
-0.36381
-0.26381
-0.27077
0.21051
-0.08949
0.09038
0.20012
-0.39989
4.0E-5
-0.19996
0.20001
0.30001
0.30003
-0.19997
0.30002
-0.39998
-0.49999
-0.19997
0.21573
-0.38014
-0.38014
0.13804
0.34555
-0.45438
0.00758
-0.25168
0.54832
-0.15916
0.22644
0.62639
-0.39111
0.06855
-0.03145
-0.04045
0.50011
-0.4999
0.10004
0.30004
1.0E-5
0.30001
-0.09997
0.10003
0.30002
-0.49999
-1.0E-5
2.0E-5
-0.28391
0.41962
-0.28038
0.43861
-0.25458
0.44562
0.20684
0.53617
0.13617
0.02542
-0.38946
0.41041
0.17498
6.0E-5
-0.09997
0.30004
0.10006
-0.09994
0.20005
-0.09996
-0.19999
0.40001
