-0.5
-0.3
-0.3
-0.2
0.49999
0.19997
-0.00449
0.29551
-0.2045
0.4955
-0.30449
-0.21318
0.38022
-0.52045
0.29219
-0.60838
-0.50343
-0.29326
-0.19326
0.13189
-0.10562
-0.50523
-0.1052
0.29487
-0.30452
0.3955
-0.50003
0.09997
0.3
0.4
0.0
0.4
-0.40001
-0.10003
-0.30449
0.09551
0.39557
-0.40492
-0.31365
-0.31832
-0.56838
-0.40226
-0.50836
0.29162
-0.30282
-0.19319
-0.49319
-0.2637
-0.10593
0.2941
0.19413
0.19418
0.19481
-0.00504
-0.20003
-0.50003
-0.2
0.4
0.1
0.0
0.49999
-0.20003
-0.00444
-0.20479
-0.20558
0.19395
-0.41935
-0.12156
0.03499
0.19162
0.39154
-0.20846
-0.40236
-0.29319
0.20681
-0.46023
0.29411
0.29409
0.19407
-0.50586
-0.1055
-0.20546
-0.50003
-0.40003
0.5
-0.5
-0.5
-0.2
-0.29998
-0.30017
-0.20525
0.09456
0.29428
-0.00604
-0.01453
-0.1168
0.14291
0.19416
0.39404
-0.40543
-0.09886
-0.39017
0.10971
-0.18246
-0.57094
-0.50349
-0.00353
-0.00346
-0.00333
-0.40327
-0.40002
0.39998
-0.1
0.0
0.1
-0.3
-0.29998
0.29985
-0.50543
-0.50567
0.49401
-0.10604
0.08621
-0.46883
-0.58741
0.09727
0.08377
0.3476
0.44732
-0.51128
-0.47599
-0.28742
-0.587
-0.10038
-0.30071
-0.50077
-7.6E-4
0.09927
-0.20035
-0.30033
-0.4
-0.4
0.2
-0.4
-0.39998
0.39986
0.49492
-0.50541
0.29419
0.38795
0.28554
-0.2845
-0.09689
-0.1974
0.39007
0.48576
-0.31589
-0.1136
-0.47168
-0.58732
-0.28696
0.39962
0.19936
0.09923
-0.10076
0.49927
-0.40046
-0.20046
0.0
-0.4
0.0
0.4
-0.30001
0.29965
0.49484
-0.30532
0.3945
0.07967
0.08401
-0.17761
-0.0869
0.21313
0.19942
-0.11191
-0.41589
0.28655
0.12746
0.21268
-0.18696
0.05192
-0.20066
-7.7E-4
-0.50076
-0.40073
0.49954
-0.30046
-0.2
0.4
0.1
-0.1
-0.50001
0.39957
-0.40542
-0.20543
0.3945
-0.22036
-0.35764
-0.08515
0.12878
0.45225
0.39942
-0.21243
0.08374
-0.11353
-0.54343
-0.46441
0.21262
0.41252
0.35663
-7.7E-4
-0.20068
-0.40062
-0.10046
-0.30046
-0.5
0.0
-0.1
0.1
-0.10001
-0.30042
0.19458
-0.00543
0.09453
0.27916
-0.10503
0.30227
-0.55696
0.39681
-0.20385
0.28413
-0.11939
0.38172
0.18662
0.35764
-0.08764
0.31233
-0.13914
0.29911
-0.20079
0.29921
-0.10046
-0.20046
0.5
-0.5
-0.3
0.3
-0.09998
0.49959
-0.30542
0.49458
0.29453
0.27891
0.09455
-0.09959
-0.56168
-0.30531
-0.50589
0.08416
-0.41953
0.37879
-0.02116
-0.54754
0.21236
-0.08767
-0.15548
-0.50342
-0.20106
-0.50103
-0.20073
-0.10067
0.3
0.0
-0.2
-0.4
0.50002
0.29958
0.29458
0.38685
-0.02085
0.24421
-0.29259
-0.07663
-0.25384
-0.30538
0.49403
0.49397
0.18678
0.27865
0.27871
0.05495
0.22707
-0.19203
0.3077
-0.47666
0.39894
-0.20103
0.39897
0.29897
-0.4
0.4
-0.5
-0.5
-0.09998
0.2991
-0.00542
-0.31966
0.31536
0.38485
0.30009
-0.51314
-0.31305
0.38746
-0.41313
-0.21315
-0.42074
-0.02837
0.47185
-0.01296
-0.31264
0.20798
-0.2923
0.12142
0.19437
-0.0055
-0.50103
-0.40103
-0.1
0.2
0.2
-0.2
0.29999
-0.20124
0.09839
-0.52348
0.21094
0.38063
-0.00407
-0.01703
-0.01675
-0.25318
0.34451
0.14449
-0.3636
0.32922
0.13096
0.3752
-0.22069
-0.19168
-0.39195
0.10807
-0.19239
-0.24133
0.2945
-0.0055
-0.4
-0.2
0.0
-0.30005
-0.30011
0.29874
0.19833
-0.40367
-0.619
-0.01898
-0.40366
0.09661
0.19652
0.29652
0.29594
-0.1041
-0.01283
-0.01942
-0.21929
-0.21903
-0.20965
0.4129
0.30847
-0.19152
0.20772
-0.30577
-0.40577
-0.30577
0.3
-0.1
0.4
0.09995
-0.20011
0.39874
-0.4122
-0.11912
-0.51776
-0.60384
0.29616
-0.6032
0.1968
-0.6032
-0.60377
-0.20379
-0.60379
-0.30379
0.38099
0.28101
0.3974
0.41317
0.20822
-0.19206
0.0075
0.49413
-0.30587
-0.00587
0.2
-0.2
-0.2
0.09995
-1.1E-4
0.19917
0.28866
-0.00993
-0.30858
0.00443
-0.39589
0.10134
0.2007
7.0E-4
-0.09987
-0.09989
-0.59989
-0.59989
0.18488
0.28491
-0.11045
-0.09975
-0.3971
-0.59738
0.20222
0.20733
-0.56881
-0.2107
0.1
0.4
0.3
0.29995
-1.1E-4
-0.44434
-0.58482
-0.40253
0.2983
0.05539
-0.30362
-0.24792
0.14833
0.04834
0.24776
-0.21038
-0.45537
-0.55546
-0.16447
0.23553
0.23569
0.28115
0.02582
-0.49953
-0.19956
-0.39954
0.3304
0.28764
0.1
-0.1
-0.5
-0.50003
0.19611
-0.56158
0.09763
0.39739
-0.50271
-0.25911
0.37877
0.17364
0.07266
-0.42689
-0.02747
0.38333
-0.10444
-0.10385
-0.58246
0.37658
-0.52647
0.17814
-0.27335
-0.19951
-0.09921
0.40098
-0.46133
0.29244
-0.4
-0.1
0.2
-0.30003
0.19547
-0.45703
0.29371
-0.0068
0.1274
-0.48899
-0.02582
-0.03112
-0.13211
-0.63198
0.1679
-0.33215
0.26796
-0.33116
0.30169
0.27281
0.27156
0.17679
0.08675
0.04599
0.30495
-0.49504
-0.58406
-0.46834
0.2
0.2
-0.2
0.29997
0.44776
0.41362
0.39264
0.29221
0.23879
0.31023
-0.02654
-0.13089
0.36847
-0.13153
-0.43153
-0.03155
-0.33155
-0.2307
-0.49921
-0.32701
-0.12708
0.47612
0.48467
0.19124
-0.29321
-0.19306
-0.19267
0.00735
0.3
0.5
-0.3
-0.30003
0.42407
-0.10384
0.29476
-0.4052
-0.56665
-0.59156
-0.12516
0.17402
-0.02595
-0.12624
0.37375
0.29855
0.12704
-0.47273
-0.06085
-0.31924
0.2802
0.0804
-0.01565
0.19877
-0.5875
-0.18739
-0.28739
-0.28739
-0.5
0.0
0.4
0.29387
0.13087
-0.27781
0.31891
-0.37729
-0.3488
0.01767
0.29397
-0.20648
-0.50896
-0.61007
-0.6101
0.32677
0.38862
0.48862
0.39407
-0.31518
-0.21624
-0.41583
-0.31458
-0.43518
0.23707
0.23706
-0.56294
0.33706
0.5
0.0
0.4
-3.0E-5
-0.01536
-0.41536
0.38189
0.2853
-0.20353
0.17982
0.17302
0.07302
0.06974
-0.23234
-0.03234
-0.22779
0.37897
0.07897
-0.51737
-0.41833
0.08059
-0.41888
-0.11406
0.39999
-0.50005
-0.40007
0.19993
-0.10007
0.2
-0.3
0.2
-0.30003
-0.11536
0.18464
-0.21624
0.087
-0.30353
-0.11948
0.27302
-0.02698
-0.23092
0.26628
-0.33372
0.36755
-0.53019
-0.43019
-0.12385
-0.41835
0.27905
-0.52083
-0.41422
-0.50001
0.09995
-0.20007
0.29993
-0.40007
-0.5
0.1
0.1
-3.0E-5
0.38464
0.28464
-0.20279
-0.30353
-0.40353
0.18052
-0.02698
0.37302
-0.53092
-0.23372
-0.23372
-0.03238
-0.53019
-0.03019
0.07661
-0.30674
-0.51666
0.37923
0.08471
-0.31529
-0.20006
0.39993
0.49993
-0.40007
0.3
0.4
-0.30748
-0.01287
-0.31536
0.28464
-0.50952
-0.10353
-0.10353
0.18052
-0.52698
0.37302
0.16908
0.26628
-0.33372
0.16755
-0.33019
0.46981
0.47615
-0.30674
-0.31712
-0.42082
0.48471
0.08471
-0.40006
-0.10007
0.09993
0.39993
-0.2
0.1
0.0916
-0.31532
0.38464
-0.31536
0.3897
-0.20353
-0.40353
0.27982
-0.12698
0.17302
0.2697
-0.53238
-0.03238
-0.52782
0.47872
-0.22128
-0.0176
-0.30417
-0.115
-0.11893
0.38471
0.08471
0.49994
0.39993
-0.50007
0.09993
0.0
0.4
0.09191
-0.11532
0.08464
0.28464
-0.31113
0.19647
-0.40353
0.17913
-0.02698
-0.22698
-0.4295
0.26981
0.16981
0.07966
0.29326
-0.00674
0.39541
0.2
0.48884
0.08472
-0.31529
-0.21529
0.49999
0.49997
-0.10007
-0.30007
