0.49996
-0.40004
0.49991
-0.50009
-0.30009
0.3902
-0.41217
0.08783
-0.21217
0.38783
0.18783
-0.1123
0.08762
0.08753
-0.01248
-0.21248
0.48759
-0.51226
-0.11226
-0.01226
-0.3122
-0.11216
-0.31216
-0.11217
0.38783
0.38783
0.28788
0.08788
-0.30004
-0.30004
-0.40009
-0.50009
-9.0E-5
0.3902
0.18783
0.38783
0.18783
-0.51223
-0.11238
-0.11242
-0.11246
-0.11248
-0.21248
0.38752
0.48759
0.18774
0.08774
0.28774
-0.11225
-0.11225
-0.11225
0.48774
0.08783
-0.31217
-0.41212
0.48788
-0.40004
0.09996
0.39991
-0.40009
0.49991
0.1902
-0.51217
0.28779
-0.31225
-0.31225
-0.51244
0.48752
0.08752
-0.21248
0.48753
0.08753
-0.1124
-0.01226
0.28774
0.08774
-0.31227
-0.21227
0.08773
-0.31228
-0.21226
-0.51226
-0.01212
0.08788
0.49997
-0.50003
0.19994
-0.30006
-0.40006
0.49406
-0.30653
-0.20656
-0.20658
0.19343
0.0933
-0.40653
-0.40647
0.39719
0.19428
-0.3102
-0.21008
-0.10991
-0.50251
-0.40239
-0.20384
-0.40408
-0.30744
0.29122
-0.50877
0.29123
0.09136
-0.40863
0.3
0.1
0.1
0.4
-0.5
-0.50005
-0.50012
-0.10012
-0.50013
-1.3E-4
-0.40029
-0.20027
-0.40028
-0.20029
-0.30028
-0.2077
-0.20764
0.19244
-0.39999
0.1
-0.10231
-0.00336
0.19582
0.19521
-0.20478
-0.20475
-0.00207
0.09991
0.3
0.2
-0.2
-0.3
0.3
-0.20003
-0.20011
-0.20011
-0.20011
0.49985
-0.50023
0.39983
0.09983
-0.30023
-0.40021
-0.50768
0.39234
-0.40759
0.10001
-0.50001
-0.10256
-0.50465
0.49529
-0.10476
-0.20474
0.09528
-0.1001
-1.0E-4
-0.1
0.0
-0.1
-0.4
0.1
-0.20001
0.19989
-1.1E-4
-0.30011
-0.10024
-0.20022
0.3999
0.49997
0.39992
0.19992
-0.40766
-0.20766
0.3924
-0.20185
-0.00268
0.09637
0.49535
0.29533
-0.00469
0.29705
0.39769
-0.4001
0.0999
0.0
0.1
-0.5
-0.2
0.5
-0.40001
-0.10011
-0.40011
-1.1E-4
0.39979
-0.1002
-1.1E-4
0.29996
0.49991
0.29992
-0.50766
-0.10766
-0.4076
-0.10218
-0.30463
0.19536
-0.50465
-0.30466
-0.50467
0.39991
-0.2001
-0.5001
0.1999
-0.1
0.0
-0.5
-0.5
-0.2
-0.10001
0.09989
-1.1E-4
0.39989
-0.50022
0.3998
0.29987
-0.50004
0.19991
-0.50008
-0.50765
-0.10766
0.19238
-0.402
-0.40464
0.19535
-0.50465
0.19535
-0.50466
-0.20199
0.0999
-1.0E-4
0.4999
0.2
-0.1
0.3
0.4
-0.2
-2.0E-5
0.39989
-0.50011
-0.20011
-0.20025
-0.30024
-0.30012
-0.40006
0.29989
-1.0E-4
0.49234
0.49235
0.39234
-0.00279
0.29534
-0.00465
-0.10464
0.09612
-0.50337
-0.30199
-0.5001
0.0999
0.4999
0.0
0.0
-0.5
0.2
-0.4
0.29998
0.49989
-0.4002
0.09969
-0.50026
-0.10007
-0.50002
-0.20006
-0.50012
-0.20011
-0.00753
-0.40762
-0.11229
-0.00488
-0.20467
-0.40466
0.09538
-0.30217
-0.40006
-0.20009
0.4999
0.1999
0.3999
-0.1
0.4
0.2
0.4
0.2
-0.40072
0.09917
-0.00989
0.38998
0.09002
-0.50977
0.39023
0.39019
-0.50986
-0.40985
0.48272
0.08264
-0.52203
0.18538
-0.51441
-0.11336
-0.00398
-0.50226
-0.10007
-0.4001
0.29989
-0.2001
-0.2001
-0.2
0.1
0.0
0.3
-0.3
-0.50136
-0.40154
-0.22039
-0.12056
0.37949
-0.5203
-0.4203
0.47966
-0.42039
0.17958
-0.03245
0.26748
0.26744
0.27485
0.475
0.07796
-0.20006
0.19994
0.29993
0.49989
-1.2E-4
0.49989
0.49989
0.0
0.0
-0.3
0.5
-0.39999
-0.30136
-0.30154
0.0797
-0.22051
0.37954
0.17975
-0.3203
0.47966
-0.42039
-0.02042
0.06755
-0.43253
0.36744
0.47487
-0.12505
-0.32224
-0.5
0.29999
0.09998
-0.50009
-1.2E-4
-0.10012
-0.30012
0.2
0.0
0.4
-0.4
0.10001
-0.20136
-0.20169
-0.1205
-0.12048
-0.52024
-0.22024
-0.52024
0.07969
-0.02474
-0.42497
0.46761
-0.53234
-0.53228
-0.02356
0.27956
-0.3194
-0.19999
-2.0E-5
-0.10006
-0.3001
-0.50011
0.29989
0.49989
0.1
-0.1
-0.1
0.3
-0.39999
0.49935
-0.30084
-0.30916
-0.00914
-0.21081
-0.31151
-0.53156
-0.03534
-0.53973
0.16
-0.14742
-0.04737
0.35269
0.36132
0.46453
-0.43477
-0.22646
-0.42642
-0.02647
0.27352
0.07352
0.27357
-0.52643
0.3
-0.4
0.2
0.0
1.0E-5
-0.10001
0.49981
0.39975
-0.10023
0.2439
-0.4857
0.18722
-0.2188
0.07681
0.37654
0.11036
-0.14688
-0.34683
-0.53835
0.36509
-0.43493
0.36507
0.1652
-0.03483
-0.13483
-0.23483
0.36522
0.06522
0.1
-0.4
-0.2
-0.1
0.29999
0.49981
-0.40021
-2.4E-4
-0.20026
-0.25711
-0.19374
-0.22428
0.26917
-0.43174
0.06816
0.07073
-0.41822
-0.11294
-0.18237
0.46504
-0.335
0.36502
-0.03482
-0.03484
0.4652
0.06521
0.26528
-0.03472
-0.4
-0.2
-0.2
0.2
-1.0E-5
-0.50019
-0.20022
-0.40024
0.2997
0.24363
-0.49366
-0.52504
0.0681
0.06806
-0.43194
-0.33935
0.06153
0.06735
-0.09192
-0.13502
-0.43502
-0.13497
0.46518
-0.53483
0.16523
-0.53477
0.16529
0.06529
0.1
0.1
-0.2
0.1
-0.30001
-0.30019
-0.10022
-2.3E-4
-0.20028
0.44175
0.20421
0.38053
-0.02356
-0.02361
0.07661
-0.52822
0.37367
0.27566
-0.08441
-0.22668
0.07332
-0.52664
-0.22652
-0.42643
0.17361
-0.12638
-0.52636
-0.42636
0.3
-0.2
0.2
-0.5
0.5
-0.20018
0.4998
0.4998
-0.20022
-0.25976
0.20496
-0.39712
-0.09715
0.20277
-0.09692
0.02302
-0.55295
-0.45238
-0.53349
0.39973
0.29975
0.09977
0.19979
-0.50003
-0.4
-0.39999
-0.29999
-0.29999
-0.5
0.3
0.3
-0.30007
-0.40021
0.29979
-0.20017
0.29989
-0.19996
0.04004
0.01571
0.01466
-0.35279
-0.2892
-0.28903
-0.25684
-0.40918
0.19086
0.02944
-0.50021
-0.10022
-0.4002
-1.8E-4
-0.1
-0.19999
-0.09999
0.10001
-0.29999
-0.2
0.0
0.2
0.0
0.19979
-2.1E-4
-0.40018
0.39987
0.20004
-0.11104
-0.41558
0.38442
-0.27781
-0.41931
-0.11931
0.0833
0.18672
0.38672
-0.09788
0.33658
-0.06345
-0.55515
0.19981
-0.20001
0.0
0.1
0.5
0.0
0.5
-0.5
0.0
0.0
0.29979
-0.50021
-0.50014
-0.4001
0.30004
-0.21058
-0.41558
-0.41558
-0.27573
-0.01929
-0.21929
0.08064
-0.11938
-0.31938
0.2849
-0.30386
-0.30389
-0.38522
-0.20019
0.29999
-0.3
0.4
0.4
-0.4
0.3
0.0
0.2
0.1
-0.10021
0.39979
0.20003
-0.49996
-0.49996
0.08942
0.08442
0.38442
0.22427
0.38071
-0.31929
-0.11936
-0.31938
0.28062
-0.51479
-0.20371
-0.10385
-0.08418
0.39979
-0.30021
-1.0E-5
-0.4
-0.3
-0.2
0.0
-0.5
-1.0E-4
-1.7E-4
0.19979
0.39979
-0.20005
-0.49996
0.30004
-0.41058
-0.21558
0.28442
0.22427
-0.41929
-0.31929
0.08064
-0.61938
0.28062
0.1849
0.39629
0.09614
0.31478
-0.20021
-0.20021
-0.30001
-0.2
-0.2
0.2
-0.4
0.1
0.09988
-2.1E-4
0.29979
-2.1E-4
0.49993
0.20004
-0.09996
-0.21104
0.28442
-0.31558
0.42219
-0.61931
-0.61931
-0.3167
0.08656
-0.61344
0.40197
0.43571
0.23556
-0.25619
0.39979
-0.40021
-0.40001
0.1
0.5
-0.4
0.2
-0.1
0.29988
-0.50021
-0.30021
0.09979
-0.40009
0.30004
4.0E-5
0.48848
-0.51558
-0.51558
0.41701
-0.21933
0.38067
0.28718
-0.00376
-0.50376
-0.07052
-0.2
-1.6E-4
-0.5002
0.39979
0.49979
0.19999
0.0
0.2
0.0
