0.19966
-0.20034
0.09819
-0.00181
-0.5026
0.37355
-0.13167
-0.23177
-0.43184
0.16905
-0.03001
0.46324
0.16233
-0.54174
-0.2763
0.32291
-0.37821
0.22222
-0.5779
0.22521
-0.34216
0.15961
-0.43864
-0.0364
0.16734
-0.43184
0.47317
0.37317
-0.40034
-0.50034
0.39819
0.49819
0.1974
-0.32658
0.1682
-0.0319
-0.13252
0.26559
0.26496
0.2584
0.23001
-0.57476
-0.07674
-0.17709
0.22159
-0.378
-0.378
0.42561
0.05657
-0.04311
-0.44256
-0.44268
-0.43775
-0.03416
0.37317
-0.12683
-0.10034
0.09966
0.09811
0.39808
-0.40273
-0.02659
-0.33229
0.06548
-0.05747
0.43988
0.33824
0.43725
0.22859
-0.0768
-0.27793
0.42153
-0.0784
-0.17803
-0.47803
-0.57398
-0.54354
0.45581
0.45542
0.35636
-0.13791
-0.13515
-0.32701
-0.32683
-0.40032
-0.20032
0.19892
-0.3011
0.1977
-0.3166
-0.04202
0.15626
0.45093
0.24997
0.45352
-0.34509
-0.35279
0.15209
-0.15622
-0.47006
0.03199
0.03446
0.3554
0.25421
-0.43174
-0.1263
-0.03038
-0.02993
-0.12587
0.37695
0.2826
-0.01714
-0.5
0.1
0.49993
0.19993
-0.20134
-0.3037
-0.43332
0.06622
-0.43502
0.36431
-0.20969
-0.11419
-0.12924
-0.32957
0.07188
0.4455
-0.05285
-0.44681
-0.33353
-0.03696
-0.11879
-0.51262
0.38551
0.08568
-0.51058
-0.30795
-0.50494
-0.50438
0.1
0.4
0.2
-0.29999
-0.20128
0.19632
-0.21908
0.08075
-0.32378
0.47703
-0.31
0.18306
-0.11935
0.08235
0.27328
0.05071
0.15182
0.25309
-0.03352
-0.43744
0.3808
-0.21322
-0.1146
-0.41431
-0.31058
0.09206
0.09526
-0.40451
0.3
0.0
0.1
-0.3
-0.10128
-0.00367
-0.10961
-0.30974
0.49015
0.39079
-0.10984
-0.21689
-0.51899
-0.1174
-0.52577
-0.14866
-0.44818
-0.24688
-0.53409
-0.03848
-0.01948
-0.31907
0.08546
-0.31427
-0.21034
0.49246
-0.40372
0.1966
-0.4
-0.3
-0.1
-0.5
-0.30106
0.0968
-0.30891
0.49057
-0.10983
0.09004
-0.1157
0.38093
-0.11508
0.39166
-0.4255
0.15124
-0.54828
-0.34784
-0.03098
0.06306
-0.0197
-0.42417
0.48073
0.08599
0.19072
-0.00642
0.29742
0.39761
0.2
0.3
-0.4
-0.4
0.19921
0.09782
-0.40771
0.09148
-0.20917
0.28854
-0.02488
-0.22409
0.08672
0.19309
0.46914
0.34563
0.44533
0.34577
-0.43243
-0.23905
0.37948
-0.52416
0.28245
0.38684
0.19209
-0.00481
0.29742
-0.10239
0.1
-0.5
0.2
-0.3
-0.40079
-0.50219
-0.1074
-0.20752
-0.40862
0.18551
-0.2276
0.37329
0.1833
-0.01095
-0.23473
0.44114
-0.45945
-0.25834
0.26351
0.35772
0.47929
-0.32354
-0.12093
-0.41412
0.2932
0.19676
0.2974
0.29756
0.2
-0.1
-0.5
-0.5
-0.20079
-0.40221
-0.30744
0.39067
-0.51364
0.07971
-0.52579
-0.32416
-0.31552
0.08895
0.16517
0.04133
0.04075
0.04126
-0.03625
0.35941
0.47747
0.47298
0.37389
-0.32375
0.09448
-0.40277
0.19745
-0.40255
-0.5
0.4
-0.3
0.2
0.09921
0.19328
0.1882
-0.43508
0.45368
-0.05105
0.34968
0.15894
-0.03529
-0.53654
0.13761
-0.18483
-0.2846
0.31746
0.23965
-0.56128
-0.1371
-0.12936
-0.5284
-0.52659
-0.11175
-0.3077
0.19745
-0.10255
-0.4
-0.4
-0.2
0.4
0.19917
0.28812
-0.0138
-0.35996
0.42881
-0.1755
-0.37382
0.13734
0.24166
-0.26499
0.31164
-0.01049
-0.11011
-0.6074
0.11452
0.31458
-0.1637
-0.52824
0.07207
-0.02821
-0.02491
-0.21594
-0.1076
0.3924
-0.1
-0.3
0.49996
-0.20088
0.29736
0.4862
-0.51566
-0.36953
0.12665
-0.37536
-0.47297
-0.16526
-0.46688
0.13059
0.30684
0.38428
-0.41427
-0.51334
0.30887
0.30784
0.03344
0.37908
0.47313
0.1723
0.07531
0.48839
-0.21152
0.08848
0.3
-0.3
-0.50004
-0.50084
-0.20264
-0.01361
0.28386
-0.57655
-0.47725
0.12512
0.3253
-0.36868
0.43097
-0.37106
-0.2929
0.38443
-0.21485
0.28607
0.10805
0.30855
-0.46463
-0.21906
0.17341
0.37073
0.37384
-0.01297
0.38712
-0.01288
0.4
-0.5
0.39996
0.19916
0.49711
0.29079
-0.2109
-0.04595
-0.34699
0.45423
0.35494
-0.53943
-0.03983
-0.44187
-0.56352
-0.38635
0.31427
-0.58435
0.43743
0.43776
0.4629
-0.12018
-0.12603
-0.02837
-0.42693
0.17589
0.07917
0.0863
-0.3
0.4
-0.20004
0.49887
0.39687
-0.21071
-0.21556
0.47814
-0.12318
-0.026
-0.11832
-0.42433
-0.02427
-0.42512
-0.34889
0.43688
0.34322
-0.35559
-0.13357
-0.23311
-0.31336
-0.21183
-0.02411
-0.42885
-0.02728
0.0749
-0.02108
-0.31406
0.50003
-0.19997
-0.30038
0.19891
0.09312
0.38432
-0.02301
-0.32386
-0.12318
0.27232
-0.22022
-0.4191
-0.41966
-0.32078
-0.34458
-0.56565
0.03667
-0.16097
0.16603
-0.02939
0.48703
-0.41616
0.37488
-0.52919
-0.52609
-0.42404
-0.3131
0.19352
-0.10009
-0.10009
0.1996
0.49689
0.288
0.38
-0.14757
0.05214
0.05624
-0.34468
-0.5506
0.44896
0.14905
-0.05247
-0.1579
-0.58041
0.12044
0.32295
0.25259
0.15927
0.16395
-0.23678
0.4617
0.15597
-0.04391
-0.04338
-0.03803
-0.23123
0.29985
-0.30015
-0.20042
0.39689
0.48112
-0.2243
-0.55251
-0.0533
-0.34818
0.04926
-0.15786
0.04136
0.34084
0.03929
0.1391
-0.58289
-0.58198
0.11994
-0.35089
-0.24391
-0.24419
-0.44406
-0.04039
0.05946
0.35125
0.45161
-0.34467
0.05719
0.09985
-0.40015
-0.40042
-0.10316
-0.52015
0.07535
-0.34849
0.05093
-0.14585
-0.24825
-0.556
0.04262
-0.05787
-0.25956
0.44022
0.32272
0.22707
-0.17148
0.25629
-0.44
-0.54067
0.45984
-0.13609
0.16431
0.45371
-0.24549
-0.14404
-0.24403
-0.10012
0.39988
-0.20039
-0.10336
0.48578
-0.21679
-0.53272
0.06681
-0.2329
-0.436
0.35864
0.35725
0.45633
-0.04498
0.25488
-0.25478
-0.049
-0.54809
-0.02762
0.47275
0.47302
-0.32583
-0.52487
-0.52779
-0.13281
0.26643
-0.13356
0.36645
0.50001
0.50001
-0.20017
-0.30279
0.29282
-0.00717
0.19774
-0.30248
-0.30207
0.09783
-0.10222
0.29778
-0.20324
-0.5038
-0.40383
-0.40348
-0.40261
-0.40257
0.49769
0.49767
-0.30231
-0.30212
-7.6E-4
0.29988
-0.30494
0.39346
-0.30655
0.19346
0.20001
0.40001
-0.2
0.49738
-0.10701
-0.307
-0.40203
-0.3023
-0.10197
-0.20204
-0.00207
0.09793
-0.20343
-0.30429
-0.50433
-0.20373
0.09746
0.29746
-0.10261
-0.10319
0.29673
-0.30286
-0.20077
0.39992
-0.40487
-0.40646
-0.30646
-0.10645
-0.49999
0.20001
-0.29999
0.39739
0.393
0.29295
0.19841
0.29802
0.39802
0.19795
-0.10208
-0.50208
-0.20346
-0.00443
0.09557
-0.30373
0.29741
-0.10259
0.19734
-0.40276
-0.10317
0.29706
-0.30087
0.09922
0.29506
0.29347
-0.40653
0.39348
0.30001
-0.29999
-2.9E-4
-0.00314
-0.207
-0.50705
0.19813
0.29802
0.09802
-0.50205
-0.50208
-0.50208
0.09654
-0.20443
0.29557
-0.10377
-0.40259
-0.20259
-0.10266
0.29724
0.19681
-0.10295
0.49913
-0.20079
0.09505
-0.30654
0.19347
0.39348
-0.19999
0.40001
-0.10034
0.19676
0.393
-0.10705
0.29809
0.19802
-0.40198
0.49795
-0.30208
0.09792
0.19688
0.19627
-0.10373
-0.20343
0.39745
-0.50255
-0.30235
0.29814
-0.10231
-0.10231
-8.7E-4
-0.50079
0.19538
-0.30629
-0.30653
0.29348
0.0
-0.2
0.09966
-0.20324
-0.50701
0.29295
-0.00199
-0.20198
0.39802
0.49795
-0.40208
-0.20208
-0.50261
-0.30259
-0.00259
-0.50254
-0.00249
-0.30249
-0.30182
-0.40042
-8.9E-4
0.39896
-8.8E-4
0.49923
-0.20016
0.39696
0.19347
-0.20652
