0.50118
0.50118
0.2012
0.3012
-0.19399
-0.06137
0.13837
0.53843
0.13848
0.3326
0.42645
-0.04711
0.56002
0.06301
0.15914
-0.04211
0.1618
0.55044
0.45056
0.35339
0.15264
0.35075
-0.04976
0.04361
-0.36529
0.3397
-0.16049
-0.26049
0.50118
0.50118
-0.2988
0.2012
0.40601
-0.46136
0.43838
-0.06156
-0.06148
-0.36437
0.24029
-0.23825
0.36429
0.15936
0.05946
0.05789
-0.43888
0.45047
0.35057
0.45391
0.45439
0.25482
0.455
-0.34324
-0.15185
-0.05988
0.13951
-0.46049
-0.29882
-0.19882
0.00121
0.00121
0.10602
-0.06136
0.13839
-0.05952
-0.35348
0.44887
0.46376
-0.13267
0.26486
-0.24177
0.46627
-0.13356
0.4606
0.25048
-0.44943
0.35431
-0.34533
-0.43959
-0.03373
0.46112
-0.14917
-0.25642
-0.16049
0.03951
0.0012
-0.1988
0.10122
0.10122
0.20604
-0.17142
0.13234
-0.36662
0.43615
-0.26428
-0.14893
0.55355
0.55534
-0.26713
-0.45809
-0.24143
-0.45688
-0.46929
0.50647
0.11525
0.32721
-0.45673
0.15594
0.24975
0.3392
-0.36768
-0.47222
-0.17222
0.0012
-0.1988
0.20123
0.10123
0.10605
-0.08692
-0.482
0.52014
0.12052
0.42015
0.43218
0.2273
-0.36547
0.02758
0.3317
0.15198
0.24272
0.44211
0.49625
0.30114
0.41603
0.53986
-0.05754
-0.36391
-0.07389
0.31921
0.21386
0.41341
0.2012
-0.2988
0.20122
0.20122
0.50604
0.41307
-0.08484
0.41524
-0.18375
0.21621
-0.16427
-0.47273
-0.37441
-0.37955
-0.37992
-0.34976
-0.05191
0.14432
-0.09961
-0.49119
0.31946
0.1426
0.04226
0.23575
0.52592
-0.28094
0.5134
-0.0866
0.2012
0.3012
-0.29878
0.40122
-0.19397
0.21307
-0.3866
0.31312
0.31334
-0.4769
0.23672
-0.17539
0.11489
0.20856
-0.494
-0.1561
-0.05194
-0.25588
-0.29897
-0.18611
0.5209
0.13704
0.44225
0.43576
0.22551
0.41849
0.51334
0.21333
0.4012
-0.4988
0.10122
-0.09878
-0.29461
0.01225
0.31108
-0.28896
-0.08927
0.22626
0.53409
0.52468
0.50796
0.40007
-0.194
0.54408
-0.15194
0.55042
-0.19183
-0.1828
-0.38307
-0.37263
-0.46714
-0.4658
-0.4752
-0.48209
0.11326
0.01326
0.2012
-0.4988
0.30122
0.00122
-0.29508
-0.18837
0.01121
0.41065
-0.48959
-0.36776
-0.26905
0.222
-0.20598
0.40028
-0.09381
0.24462
-0.24644
0.45834
-0.3721
0.32166
0.50989
-0.47938
0.0258
0.13257
0.42507
-0.18224
-0.08674
-0.28674
0.3012
0.3012
-0.19878
-0.49878
0.50486
0.51169
-0.18816
0.41149
0.11582
0.04204
0.32669
0.51511
0.0938
4.4E-4
0.40638
-0.35065
-0.24114
0.16073
0.23569
0.12007
-0.3888
-0.27932
0.32402
0.33238
0.32414
0.01645
-0.18674
0.51326
0.1012
0.5012
-0.30009
-0.40031
-0.19523
0.31122
0.41021
0.0293
0.1475
-0.25606
-0.08824
0.50891
-0.50531
0.50046
0.30639
-0.35979
0.25337
-0.24028
0.33216
-0.2884
-0.18709
0.41979
0.21874
-0.07756
0.22013
0.41326
-0.18674
0.41326
-0.0988
0.5012
-0.30011
0.49969
0.10607
-0.4829
-0.08424
0.44084
0.35189
-0.25726
0.21971
0.03006
0.51339
-0.08556
-0.16754
0.2579
-0.43196
-0.23367
-0.46024
-0.47182
0.02786
-0.38023
0.51729
0.01932
0.5207
0.5137
-0.08674
0.41326
-0.50033
0.09967
-0.50022
0.1998
0.00436
0.52833
-0.06931
0.35258
0.16409
-0.04433
-0.06733
-0.3582
-0.46629
-0.36471
0.44109
0.57057
0.27908
-0.42579
0.54795
0.14916
-0.36076
-0.48132
-0.08282
-0.4821
0.21085
0.40995
0.11355
0.21353
0.09967
-0.50033
-0.10048
-0.49435
-0.28607
0.13101
-0.0676
0.12744
-0.24731
0.15508
0.23202
0.11606
-0.37712
-0.46721
-0.46103
-0.43956
0.26278
-0.43226
-0.45857
0.44779
-0.46477
-0.38498
-0.08464
-0.48202
-0.18915
-0.08591
0.51409
0.01409
-0.30033
-0.20033
-0.00201
-0.09625
0.3124
0.22881
0.14089
-0.03635
0.26586
-0.34912
-0.34959
0.13851
-0.26075
0.03992
0.33381
-0.14213
-0.44213
0.35787
0.04835
0.24469
0.42398
0.21379
-0.48475
0.32503
0.31735
0.32059
-0.17957
-0.27957
-3.3E-4
0.49967
0.09799
-0.49625
0.11241
-0.27606
0.53498
-0.4509
-0.44806
-0.36094
-0.06095
-0.4754
0.32489
-0.27426
-0.38037
-0.35632
-0.25696
0.23989
-0.26838
-0.46925
0.02445
0.42215
-0.4853
-0.47538
-0.08222
0.21152
-0.08625
0.02053
-0.50033
0.29967
-0.40201
0.50401
0.4124
0.01441
0.12262
-0.46242
-0.45877
-0.35834
0.05196
0.44945
0.04469
0.53838
0.44413
0.2553
0.5405
-0.05918
-0.0747
-0.17513
-0.37266
-0.26376
-0.38243
-0.17559
0.51792
-0.18883
-0.18612
-0.07943
-0.49961
0.40039
-4.8E-4
-0.09618
-0.29054
0.02735
-0.26488
-0.05991
0.0423
-0.44303
-0.34049
0.15022
-0.44931
0.44614
0.15208
-0.32441
0.37238
0.16999
-0.26495
0.52772
-0.468
0.23603
0.5182
-0.38182
0.41018
0.4078
0.41161
-0.18193
0.10121
-0.29879
0.00123
0.30824
0.01943
-0.16126
-0.05716
0.34369
0.44821
-0.03136
-0.22785
0.46286
0.46326
0.2624
0.36519
0.09066
0.09047
-0.2117
0.05487
-0.45656
0.04339
0.1409
0.33108
-0.27027
-0.37545
-0.47636
-0.07707
0.11368
0.20121
-0.09879
-0.39877
-0.29177
-0.38279
-0.46018
0.44513
0.04516
0.45067
-0.23296
-0.0273
0.36713
-0.43258
-0.0325
0.56941
0.194
0.59358
0.39231
-0.14091
0.04775
-0.25205
0.54504
0.23971
-0.26415
0.02901
0.12908
0.42751
-0.07732
0.30121
-0.09879
0.20123
0.50809
-0.48576
0.33746
0.44498
0.0437
-0.45632
-0.43884
-0.33109
-0.13259
-0.43257
0.4675
0.36937
-0.01223
-0.31903
-0.32027
0.35155
0.14771
-0.1521
-0.15145
0.14829
-0.36446
0.4289
0.02893
0.02883
-0.17116
0.50121
-0.49879
-0.39877
0.51495
-0.07152
0.03784
0.23704
0.13228
0.3167
0.24966
-0.04211
0.05758
0.25059
0.40034
-0.29775
0.40569
0.68309
0.08217
0.31732
0.33888
0.03955
0.4401
0.24011
-0.17802
-0.07589
0.22611
-0.2739
-0.37389
0.4012
0.5012
-0.19878
0.20808
-0.46522
0.43516
-0.47925
0.01629
0.20353
-0.38371
0.02172
0.52158
-0.19193
-0.03449
0.36745
0.2639
-0.04136
0.05864
-0.36223
-0.2931
0.20599
0.09455
0.51756
-0.09774
-0.08497
-0.38076
0.3188
0.41876
0.3012
0.2012
-0.49878
0.50808
-0.46519
-0.36473
-0.28008
0.21545
-0.09565
-0.18285
0.32318
-0.17682
0.40715
0.56772
-0.13113
0.06823
0.06664
0.26658
-0.03847
-0.23897
-0.03834
-0.26322
0.51874
0.30325
-0.28398
0.32022
-0.48072
0.01929
0.5012
0.5012
0.50122
0.40808
0.03481
0.03527
-0.19408
0.20643
0.20586
0.11861
0.42462
-0.47538
0.50879
0.06976
-0.33024
-0.03117
0.06729
0.16729
0.36183
0.5485
0.25964
-0.26214
-0.07889
-0.27858
0.01661
-0.47903
0.01986
-0.48011
-0.1988
0.4012
0.00951
-0.37771
0.43482
-0.365
0.31223
0.20537
0.2054
-0.48149
0.22462
0.42462
0.60879
-0.13024
-0.23024
-0.03112
0.26729
-0.03271
0.36221
0.5485
0.36016
0.23931
-0.17898
0.32126
-0.18395
-0.07989
-0.28014
-0.38011
-0.0988
0.1012
0.51051
0.42487
-0.36567
-0.06544
-0.08711
0.00509
0.5051
-0.08113
0.1245
-0.37555
0.41101
-0.03119
-0.23118
0.06525
0.16016
0.66016
0.23898
0.29326
0.40526
-0.10179
0.42066
0.22097
0.21494
-0.48072
0.31986
-0.38011
-0.3988
0.1012
-0.08983
-0.07532
0.43357
-0.26641
0.41311
0.50452
-0.49544
-0.18098
-0.07585
-0.07585
-0.3828
0.26726
0.06728
-0.2406
-0.05149
-0.15149
0.50197
-0.1968
0.21523
0.11896
-0.48022
-0.17987
-0.09702
-0.38923
-0.28014
-0.48011
