-0.49936
-0.49936
0.30064
0.20064
-0.39846
-0.05252
-0.35297
0.54703
0.44703
0.04592
0.04637
0.4487
0.24885
-0.04473
0.45941
0.45943
0.06994
-0.13175
0.16669
0.36658
-0.03965
0.05675
-0.24582
0.24609
-0.35416
-0.45232
0.0477
-0.3523
0.10064
-0.49936
-0.49936
0.10064
-0.49846
0.24748
0.04676
0.14882
0.14876
0.35095
-0.34825
0.45321
0.25576
0.15831
-0.24057
0.35943
-0.13006
0.26913
0.46844
-0.13161
-0.3362
0.16034
-0.04154
-0.1476
-0.24877
0.04768
0.5477
-0.3523
-0.19936
-0.09936
0.10064
-0.49936
0.40154
0.44748
-0.05333
-0.15057
-0.14886
-0.14478
0.05503
0.55564
0.05918
0.05943
-0.23152
-0.33111
-0.13007
-0.33031
-0.03042
-0.03088
0.26556
-0.23643
0.46247
0.25486
0.15161
-0.05236
0.0477
0.5477
0.10064
0.20064
-0.29936
-0.19936
0.50114
0.32867
-0.07104
-0.36761
0.13845
-0.06267
-0.16364
0.03674
0.04397
0.02277
0.54256
0.16742
0.55857
0.15771
0.31373
-0.47687
-0.45605
0.14464
-0.05586
0.2338
0.33296
-0.06751
0.32666
0.32666
6.3E-4
-0.19937
-0.49937
6.3E-4
-0.09883
0.20697
0.01159
-0.48715
-0.086
-0.28949
0.10539
0.00934
-0.38163
-0.2797
0.31922
-0.2381
0.25288
-0.24939
-0.28996
-0.37904
0.12323
0.52433
0.12079
0.01006
-0.49072
-0.29118
0.10172
-0.29823
-0.19937
-0.29937
4.2E-4
0.20041
0.40235
0.50687
-0.28926
-0.18883
0.31133
-0.29196
0.20892
-0.18868
0.41435
-0.38527
0.40865
-0.34675
-0.05114
-0.24975
-0.29322
-0.27995
-0.47726
0.32531
0.32119
-0.28873
-0.2907
-0.39119
-0.19894
-0.29894
-0.39937
0.10063
0.40017
0.40197
0.00393
0.40455
-0.19329
-0.19325
0.40627
-0.09555
0.20732
0.51248
0.01242
0.5122
0.00369
0.0488
0.14885
0.24883
0.30517
0.21717
0.02148
-0.4743
0.02179
0.11339
-0.48887
0.20876
0.50078
-0.09921
0.40063
6.3E-4
-0.39982
0.10177
0.50396
0.30442
-0.09693
0.50309
-0.09732
0.40677
0.30993
-0.18747
0.40857
0.50682
-0.39631
-0.4512
-0.35116
-0.04955
0.50593
-0.18283
0.42094
-0.17508
0.32153
-0.08653
0.21106
0.50874
0.30078
0.40078
6.3E-4
0.30063
0.30019
-0.39826
-0.29602
-0.29553
-0.39676
0.00169
-0.29933
0.51171
0.01044
0.40866
0.20028
-0.09959
0.1037
0.14881
0.44983
0.25163
0.30674
0.01525
-0.08195
0.52394
0.32036
0.21339
-0.48898
-0.49124
-0.49922
-0.39922
0.30063
6.3E-4
0.20019
0.50171
0.00398
-0.09555
0.40333
0.20064
0.40597
-0.18794
0.30698
0.10192
0.2003
3.8E-4
0.00368
0.44996
0.35107
0.05178
0.40738
-0.28459
0.21717
-0.47612
0.12064
-0.38626
-0.18933
0.3083
0.50078
0.10078
-0.19937
-0.19937
-0.49976
0.10168
0.30398
-0.09558
-0.19668
-0.08849
0.11192
-0.28946
0.3061
0.10135
-0.39974
0.40002
0.50329
0.25001
-0.04885
-0.14903
-0.29387
0.41301
-0.28353
0.42333
0.22044
-0.28624
0.50939
0.50716
0.40078
-0.39922
0.50063
6.3E-4
-0.19976
0.30168
-0.49607
0.50611
-0.0948
-0.3626
-0.36391
-0.17156
-0.27308
0.12647
0.22519
-0.27394
0.23162
0.17653
-0.32262
0.27626
0.03412
0.14344
0.14203
0.12255
0.41951
0.11251
-0.49058
0.50717
0.50078
-0.29922
-0.19931
0.10069
0.30025
0.50165
0.20393
0.41659
0.21847
-0.03508
0.06377
-0.44351
0.45498
0.05442
-0.04542
-0.34341
-0.04005
0.40623
0.00631
-0.39571
-0.23785
-0.32711
-0.42973
-0.47756
0.01961
0.21263
-0.2918
-0.19494
7.9E-4
0.10079
0.20069
0.10069
0.40019
0.00841
0.41458
-0.28118
-0.08154
-0.34425
-0.4432
0.05709
0.25563
0.35382
0.35495
-0.34172
0.06172
-0.29436
-0.29557
0.20411
0.45942
0.57429
0.17111
-0.07825
0.01958
0.51334
-0.19634
0.40078
7.8E-4
0.40078
-0.49931
0.20069
0.10025
-0.39194
-0.18536
-0.08111
0.21879
-0.33215
0.26813
-0.13135
0.46864
0.56919
-0.03048
-0.23008
0.47093
0.21515
-0.38485
0.62152
0.47657
0.57517
-0.03004
0.32179
-0.182
0.41699
-0.38586
-0.38853
0.51149
-0.38851
-0.49931
0.20069
2.5E-4
-0.49194
0.11464
-0.28294
0.41671
0.53764
0.03797
0.33994
-0.15931
0.14091
-0.3585
0.5419
0.34291
0.09127
-0.00847
0.09196
0.24749
0.04718
-0.25723
-0.17584
0.52003
0.41841
0.11618
-0.08587
-0.28527
0.41442
0.40069
0.30069
0.50025
-0.4916
-0.38536
0.31562
-0.48455
0.01389
0.51426
0.13473
0.14639
-0.35062
-0.35128
0.54768
-0.24654
-0.11637
-0.03122
0.36879
-0.47589
0.42385
-0.17967
0.52274
-0.37961
-0.18102
0.01686
0.21483
-0.38465
0.21505
0.30066
0.50066
2.2E-4
-0.09357
-0.29037
-0.18861
-0.08763
-0.48987
-0.48957
-0.2693
-0.45574
0.14449
-0.25522
0.54973
0.25336
-0.00571
0.39032
-0.21139
0.12932
-0.07887
0.21752
-0.18338
0.01491
0.40827
0.40661
0.20993
0.01097
0.01095
-0.19937
0.40063
-0.49981
-0.49784
-0.19504
-0.49265
0.40863
0.20543
-0.09518
-0.27577
-0.46117
0.34314
0.04407
0.44521
0.14854
-0.30651
-0.20652
0.3925
0.13247
-0.28437
0.21477
0.31757
0.2152
0.30927
-0.29122
0.10712
0.00777
0.40683
0.50063
0.40063
-0.39981
0.40219
0.40548
0.40805
0.5091
0.40712
0.40514
-0.27347
0.3412
0.24381
0.04455
0.34492
-0.05179
0.29299
0.29253
0.28975
-0.26929
0.01532
-0.1843
0.11725
-0.38499
0.20871
0.20899
0.10749
-0.0922
0.10742
0.10063
-0.09937
-0.49981
-0.19776
-0.19438
0.10816
0.50893
-0.49131
-0.29321
0.22714
-0.15777
0.54278
0.44282
-0.35721
-0.05396
0.58195
-0.42778
0.16669
0.11684
-0.28417
-0.08433
0.51553
0.31331
0.20704
0.00702
0.20573
-0.09427
0.00573
0.40063
-0.09937
0.10018
0.20256
0.10497
-0.49267
0.04161
0.44883
-0.45331
0.18026
-0.00408
0.09647
-0.02318
0.11283
-0.0843
0.7212
-0.30473
0.29531
0.1123
-0.18619
-0.48732
-0.2872
-0.0884
-0.09349
0.40623
0.50454
0.00454
0.50454
0.20063
-0.29937
-0.09958
0.20095
-0.29691
-0.49571
0.137
-0.05495
-0.3517
0.36459
0.37135
-0.22978
0.35608
0.60964
-0.2874
-0.30082
0.47549
0.57685
0.55405
-0.09725
-0.40035
-0.41309
-0.29714
-0.29861
0.30117
0.00153
0.30173
-0.09827
-0.19937
0.40063
0.10063
-0.19884
0.00193
-0.49583
0.13845
-0.0491
-0.34739
-0.3325
-0.02626
-0.32692
-0.13509
0.42529
0.12719
-0.18475
0.38706
-0.21088
0.28427
0.66792
-0.03545
0.03624
-0.29235
0.20522
-0.29369
-0.0933
0.20685
-0.49315
-0.19937
-0.09937
6.3E-4
0.10116
-0.19809
-0.2926
0.04624
0.25484
-0.44555
-0.43066
0.37636
0.07635
-0.23174
-0.16519
0.13481
0.61887
0.29287
0.19288
0.28653
0.27097
0.67126
-0.25875
0.2128
0.41063
-0.3888
0.21159
-0.38843
-0.18843
0.10063
-0.29937
0.40083
0.20149
0.20229
-0.49451
0.14304
-0.14555
0.25444
-0.13067
-0.42365
0.47635
0.46826
0.63481
0.63481
-0.08028
0.49288
0.69288
-0.01303
0.07097
0.07125
0.13995
0.11046
-0.48925
-0.38833
-0.38801
-0.38843
0.51157
0.20063
0.30063
0.20085
0.10148
0.00207
-0.09462
0.24357
-0.04621
-0.34629
0.56903
-0.02404
0.37635
0.36262
-0.18113
-0.08113
-0.09155
-0.01545
0.28402
-0.13973
0.11006
0.01049
-0.20428
-0.18944
-0.28917
0.51158
-0.18808
-0.48843
0.31157
-0.09937
-0.09937
-0.49916
0.20138
-0.09833
0.50525
-0.15537
-0.44801
-0.24802
-0.13177
-0.42457
-0.22365
-0.3429
0.29287
-0.10713
0.08368
-0.02903
0.16966
0.51738
-0.29007
0.31041
-0.38956
0.51087
0.01106
-0.08936
0.11126
-0.18843
0.41157
