1.0E-5
-0.49999
-0.29999
0.50001
-0.09859
0.51679
0.31884
0.51884
0.51884
0.31713
0.21557
0.01956
0.01957
0.32963
0.46898
0.46732
0.49156
-0.10848
0.39158
0.08729
-0.14752
-0.04806
-0.25692
0.52033
-0.28301
-0.28115
0.21797
-0.08203
-0.09999
0.30001
0.10001
0.20001
0.40141
0.31679
0.21884
-0.48113
0.21887
0.2241
0.02572
0.1302
0.461
-0.13251
0.16975
-0.43268
-0.40834
-0.20837
-0.00838
0.18659
0.25283
0.15275
-0.25189
-0.36721
0.23066
-0.47113
0.41797
0.41797
1.0E-5
-0.19999
0.30001
0.30001
0.20141
-0.38321
-0.28116
-0.27563
-0.25061
-0.34889
0.55069
0.15173
-0.2374
0.37005
-0.00961
0.48886
0.39167
-0.30835
-0.40835
-0.214
-0.34712
-0.24571
-0.44839
0.23445
-0.16804
-0.16969
0.41805
0.41797
0.20001
0.10001
0.50001
-0.19999
0.00141
0.01593
-0.45988
0.54147
0.54669
0.44741
-0.45319
0.24102
0.46004
-0.03458
-0.32509
0.27875
-0.44077
0.35895
0.54674
0.46472
-0.15555
0.53445
0.44227
-0.37167
0.32594
-0.27563
-0.47984
0.21981
0.30001
-0.19999
0.50001
-0.49999
0.50141
0.40891
0.03837
-0.46134
0.33879
0.43945
-0.08484
0.11245
-0.15397
0.35102
-0.05325
0.56206
-0.35667
-0.06313
-0.06388
0.15538
-0.4573
0.43117
0.43457
0.12077
0.01836
0.51685
-0.28564
0.11337
-0.19999
-0.29999
-0.39999
0.10001
-0.39857
0.00881
0.12404
0.42407
-0.07118
-0.47226
-0.17384
0.53079
-0.36069
-0.06095
-0.4671
0.34636
0.43632
0.33633
0.43753
-0.14301
0.54336
-0.46798
-0.36543
-0.27975
-0.38207
0.21641
-0.18653
0.51339
-0.49999
1.0E-5
0.10001
-0.29997
0.30145
0.30897
0.31439
-0.18497
0.21545
0.41394
0.12848
-0.0611
-0.45857
-0.36162
-0.3784
-0.36346
-0.06369
0.13626
0.43737
-0.04064
-0.35587
0.54016
-0.26572
0.02027
0.11717
0.01529
0.00906
-0.3917
1.0E-5
0.10001
0.10001
-0.39997
0.00145
0.1076
0.11008
0.41302
0.1154
-0.17645
0.03753
0.24477
0.43378
-0.27766
-0.37609
0.53631
0.03632
0.23784
-0.06669
0.25631
0.5434
0.45036
0.14163
-0.08018
0.51579
0.31422
-0.09631
0.2036
0.20001
0.30001
-0.19999
0.10003
0.10145
-0.29596
-0.09476
-0.19067
0.31174
-0.36532
0.04723
0.44189
-0.48273
0.0053
0.52873
0.14269
0.14423
0.14622
0.43332
0.45719
-0.15181
-0.24681
0.14065
0.51934
-0.2856
0.51118
0.30369
0.4036
0.40001
-0.39999
1.0E-5
0.30003
0.30143
-0.49585
-0.39437
0.00558
0.41753
0.43325
-0.06163
-0.47268
-0.18139
0.41119
0.13485
0.24962
0.25126
-0.44877
0.33886
-0.23651
-0.34967
-0.34922
-0.15879
-0.1828
0.41058
0.40419
-0.29632
0.40361
0.40001
0.10001
-0.39999
-0.09997
0.40143
0.0041
-0.39438
0.32782
0.32838
0.33027
-0.46977
0.02614
0.51922
0.11096
-0.46516
0.45028
-0.24834
0.25312
0.23912
-0.33899
-0.35355
0.14545
0.3395
0.52502
0.40538
0.30378
-0.19638
-0.09638
-0.49999
0.30001
0.50001
0.50003
-0.39857
-0.39347
-0.09195
-0.15121
-0.24187
0.44268
-0.25787
0.43513
0.03259
0.53258
0.45986
-0.32882
0.07134
0.17009
-0.34286
-0.32487
-0.2434
-0.44496
0.4496
-0.26889
-0.38849
-0.29441
0.30362
0.50362
-0.19999
-0.29999
0.50001
-0.49997
-0.49858
-0.47227
0.0327
0.07491
-0.21521
0.17536
0.47341
0.45742
0.15573
0.06348
-0.21289
0.39321
0.09308
-0.11016
0.17615
0.09656
-0.0226
-0.34755
-0.05157
-0.36637
-0.06792
0.52171
-0.09484
0.1051
0.20001
0.20001
0.5
0.11535
0.02538
0.0369
-0.05909
0.47023
-0.12755
0.074
0.17306
-0.3407
-0.33872
0.26329
0.48712
-0.29977
0.09814
0.29815
-0.3152
0.602
0.48198
-0.45806
-0.45538
-0.36647
-0.46806
0.31555
0.51555
-0.18445
0.20001
-0.29999
-0.4
0.21439
0.22538
-0.26387
-0.05908
0.09893
-0.19898
0.2909
0.09056
0.58716
-0.11282
-0.01182
0.00869
0.32105
0.42105
0.32131
0.30714
-0.19611
-0.42075
0.54076
0.55078
-0.24262
0.25589
0.0395
-0.4605
0.1395
-0.29999
0.40001
0.4
0.51439
0.32371
0.53244
0.53816
-0.42568
0.27669
0.17564
-0.42674
0.28526
0.08811
-0.31047
-0.28994
-0.37746
-0.07748
0.42218
0.20818
-0.29474
-0.2187
-0.33363
0.26897
-0.42719
-0.0209
0.27912
-0.02485
-0.43481
-0.09999
0.30001
0.5
-0.18612
0.52275
-0.46249
-0.35094
0.45519
-0.44243
0.56395
0.05885
0.48595
0.58932
-0.11079
-0.28675
0.41386
0.10343
0.10347
-0.11042
-0.2135
0.06491
-0.24023
0.17283
0.18049
0.38692
-0.11186
0.5831
-0.22671
0.10001
0.30001
-0.00273
-0.29171
0.0126
0.32817
-0.35456
0.44612
-0.45351
0.16103
-0.44306
0.06771
0.57274
-0.12732
-0.30338
0.00643
0.00313
-0.30152
-0.13136
0.2754
0.05863
0.06053
0.37309
-0.33582
-0.33507
0.47542
0.06954
0.16078
0.40001
-0.09999
-0.00272
-0.20078
-0.39663
-0.18221
0.15206
0.25205
0.24617
-0.44402
0.26762
0.38455
0.58844
0.48917
0.09456
-0.09294
0.40678
0.40442
-0.21754
0.38624
0.1853
0.48543
0.08354
0.37624
-0.41586
-0.01596
0.27572
-0.33358
-0.09999
-0.49999
-0.40272
-0.40076
0.31236
-0.38123
-0.24861
0.15407
-0.05153
-0.24048
-0.2291
-0.41409
0.08911
-0.11081
0.48921
0.1004
-0.40044
0.09885
0.47735
-0.11856
0.487
-0.11301
0.28063
-0.33489
-0.01897
-0.41881
0.47079
0.1695
-0.39999
-0.19999
-0.40272
0.19928
0.51636
-0.27828
-0.05375
0.4505
0.04427
0.54926
-0.0411
-0.33762
-0.43665
0.16349
0.4635
0.16767
0.26156
-0.23872
-0.35496
0.45527
-0.4391
0.26083
0.25212
0.53509
0.05182
0.05214
0.34555
-0.25478
1.0E-5
0.20001
-0.30272
-0.1007
0.51109
-0.08469
0.3539
-0.34065
-0.04503
0.16937
0.57857
0.48395
0.39007
-0.31175
0.08828
0.28267
-0.13373
0.26627
-0.0533
-0.46012
-0.35728
-0.45745
0.33779
0.02712
0.33318
-0.36639
0.03357
-0.46676
0.30001
0.20001
0.29828
0.20018
0.00267
-0.09737
0.22094
-0.4729
0.52761
-0.16387
-0.36036
-0.1607
0.55179
0.05882
0.55882
0.15231
-0.46287
0.33749
-0.06853
0.41667
-0.1833
-0.38584
-0.40083
-0.4997
0.10286
-0.39627
-0.29641
0.20326
-0.39999
-0.29999
-0.19999
-0.29823
0.4042
-0.19582
0.52221
0.42879
0.32921
-0.26263
0.1412
0.04118
0.0593
0.57127
0.17127
-0.23821
0.44384
0.54387
-0.36046
0.2293
0.02891
-0.27672
0.29992
0.00138
-0.49572
-0.29474
0.10508
-0.29527
-0.39999
-0.49999
0.10001
-0.19823
-0.3958
0.30424
0.1223
0.02888
0.12922
-0.26261
-0.35877
-0.15877
-0.04067
0.37243
-0.12757
0.56178
0.24441
0.24441
0.03984
0.22989
0.02998
-0.37593
-0.0997
-0.19852
-0.09565
-0.19467
-0.09573
-0.49605
0.10001
0.10001
0.10002
0.2018
0.4042
-0.2958
0.52228
-0.17179
0.12819
-0.26285
0.34123
0.54123
0.45933
-0.22757
-0.32757
0.36234
-0.15559
-0.25559
-0.25991
0.42989
0.52998
-0.17566
-0.19973
-0.29852
-0.49614
0.10432
0.50427
0.10395
-0.39999
0.40001
0.30002
-0.09819
0.50419
0.4042
-0.17744
-0.1718
-0.4718
-0.46269
0.44098
0.54088
0.15368
0.46177
-0.43822
0.55526
-0.26014
0.03985
-0.06677
-0.48196
0.01797
0.51523
0.19997
0.20123
0.10315
-0.49585
-0.29573
0.50395
0.50001
0.10001
0.20002
-0.0982
-0.49581
-0.3958
-0.37688
-0.27183
-0.47183
-0.36293
0.0402
-0.05978
0.24562
0.34435
-0.35559
-0.46062
0.4324
0.33238
-0.07872
-0.10135
-0.10169
-0.10226
0.19926
-0.1998
0.10035
-0.29777
-0.49573
-0.19605
