0.31816
0.01816
-0.27396
0.32604
-0.17192
0.46256
-0.03833
-0.43833
-0.43833
-0.24082
-0.14337
-0.23702
-0.43592
0.30531
0.02667
-0.36541
-0.2511
-0.05311
0.54707
-0.25541
0.61202
0.59155
-0.11561
-0.23117
0.57193
-0.22039
-0.22927
0.07073
-0.18184
-0.28184
-0.07396
-0.47396
-0.07192
-0.43744
0.16189
0.46208
-0.3381
0.08877
0.39998
0.41091
-0.27317
0.03278
0.13419
0.63459
-0.35122
-0.05307
0.14698
-0.35569
-0.37329
-0.27449
0.43026
0.02513
0.20251
-0.10594
0.07073
0.57073
0.31816
0.11816
0.32604
-0.07396
-0.37192
-0.13744
0.46196
-0.3147
-0.19075
-0.18171
0.62283
-0.27542
-0.36916
-0.16541
-0.15244
0.54815
0.34869
0.24697
0.44696
0.04407
-0.17175
-0.16963
0.44225
0.23585
0.22062
-0.08213
-0.42927
-0.22927
0.31805
-0.08195
-0.47777
0.02223
0.3246
0.25431
0.06656
0.38066
-0.20527
0.39077
0.57453
-0.22706
-0.01346
0.38178
0.09761
0.00937
-0.30305
0.27956
0.25678
-0.02231
0.09634
0.00505
-0.08387
0.00864
0.30391
0.10133
0.25714
-0.34308
-0.28206
0.01794
-0.28206
-0.18206
0.12028
0.22998
-0.05424
0.15584
0.46572
0.45959
0.33917
-0.4737
-0.25609
-0.35424
-0.1585
0.37155
-0.24246
-0.15268
0.2179
-0.26536
-0.24621
0.3709
0.48193
0.27754
0.37497
-0.22686
-0.25536
0.34154
-0.48206
-0.08206
-0.28189
0.41811
-0.07962
-0.2699
-0.45722
-0.25281
-0.14762
0.24891
0.04278
0.22762
-0.4681
-0.4648
0.12781
0.56194
-0.34572
0.34753
0.51931
-0.45857
0.35611
-0.43062
-0.31849
0.27743
0.57492
-0.12689
-0.15358
0.14641
0.11794
0.31794
-0.28169
0.01844
-0.07946
-0.36721
0.143
-0.4551
0.24631
-0.36251
0.13636
-0.17294
0.52729
-0.06728
-0.38065
0.55524
-0.44573
-0.35257
-0.27101
0.35695
0.16311
-0.42677
0.17835
0.47189
0.47111
0.47012
0.34342
0.14287
0.21794
0.01794
0.31831
0.21843
-0.27946
0.03247
0.44223
-0.35598
0.14535
0.237
0.03762
-0.46774
-0.47659
0.1206
-0.38065
-0.43943
-0.04044
0.37289
-0.15584
0.16758
-0.03015
0.28352
0.28018
-0.1338
-0.43671
-0.23684
-0.0607
0.0393
0.31794
-0.08206
-0.0817
-0.48157
0.02054
0.52893
-0.46209
-0.35932
-0.15771
0.2521
0.1546
0.04559
0.5282
0.02683
0.1387
-0.421
0.57977
0.09244
-0.43801
0.58604
0.07903
0.18673
-0.42225
-0.13496
0.4614
0.55976
-0.3607
-0.1607
-0.08206
0.01794
-0.2817
0.21843
-0.27946
-0.4711
-0.06219
-0.46252
-0.45466
-0.2441
-0.04053
-0.053
0.43921
-0.4582
0.5535
0.39184
-0.20678
0.4051
0.07797
-0.00462
-0.21974
0.18165
0.57929
0.3647
0.16012
-0.44511
-0.05682
-0.05754
-0.38206
-0.38206
0.2183
-0.28158
0.42054
-0.37094
-0.26219
-0.34583
0.25775
-0.24645
0.35095
-0.25464
-0.06147
0.54299
-0.34521
-0.19023
0.11157
0.41149
0.57611
0.47813
0.06978
0.36855
-0.22634
-0.23396
-0.35376
0.54721
-0.25278
-0.45278
0.41794
0.21794
0.0183
0.01842
0.52054
0.23056
-0.16225
-0.21292
-0.10399
0.57924
0.37622
0.57417
-0.42892
0.18545
-0.39691
-0.26109
-0.05706
-0.0556
-0.09378
0.00363
-0.30243
-0.02598
0.07923
-0.32945
0.56202
0.15606
-0.25278
-0.25278
-0.28206
-0.08206
0.1183
0.41842
-0.47946
0.04116
-0.35805
-0.182
-0.0716
-0.39125
-0.09674
-0.40956
0.38657
-0.18393
-0.17139
0.67197
-0.02968
-0.04467
-0.08084
0.53312
-0.1699
0.56705
-0.32763
0.56471
-0.42224
-0.32352
-0.14393
0.25607
-0.38206
0.31794
-0.3817
-0.17182
0.53579
0.04868
-0.25058
-0.19048
0.41482
0.00372
0.09832
-0.01728
0.38682
0.42344
0.13675
0.57428
-0.03209
-0.05195
0.0129
-0.07912
0.11155
0.237
0.0595
-0.14003
0.07658
-0.42656
-0.32655
-0.42655
0.11794
0.11794
0.0183
0.42758
-0.16421
-0.05206
0.3514
-0.06896
0.032
0.41139
0.4112
0.32288
0.32793
0.64089
-0.25331
-0.13641
0.06187
0.35549
-0.28038
0.40808
-0.40551
0.22727
-0.33625
-0.11966
-0.10689
0.38872
-0.0113
-0.0113
-0.38206
0.21794
0.1183
0.22758
0.43579
-0.05321
-0.35036
0.291
0.49219
0.50222
-0.09579
-0.19244
0.60783
0.52074
0.42659
0.14349
0.44006
0.12473
-0.30794
-0.31202
0.47697
-0.35158
-0.31506
0.20237
-0.38641
-0.28457
0.40829
0.20331
-0.08206
-0.08206
-0.1817
-0.27197
0.23579
-0.45434
0.4468
-0.34346
-0.33909
0.60491
0.2371
0.54498
0.14799
-0.2452
0.16538
-0.26716
0.40331
0.29696
0.06338
-0.14103
0.05792
0.26065
0.19848
-0.384
-0.27852
-0.27789
0.51445
-0.09046
-0.18206
-0.48206
0.1183
0.12527
-0.36377
0.3476
0.54275
-0.34343
0.3621
0.30911
0.2429
-0.24315
-0.33841
0.22702
-0.36118
-0.23662
0.05285
0.23744
0.17769
-0.43496
0.572
0.27787
0.50295
0.40764
0.40519
0.20892
-0.02261
-0.12692
0.11794
0.21794
0.4183
0.02024
-0.16713
0.55321
0.37494
-0.41174
0.59515
0.02896
0.0671
0.67174
-0.12313
0.07802
0.08147
-0.28309
-0.18611
-0.10157
0.32854
-0.29473
-0.19156
0.0087
0.61945
-0.07769
0.11328
0.11315
0.18299
-0.02507
0.41794
-0.38206
-0.3817
0.42025
-0.06217
0.25528
0.28111
0.08905
-0.10581
0.63442
-0.22443
0.67678
-0.21971
-0.01228
0.18893
0.11942
-0.28461
0.10516
0.63585
0.61035
0.41286
0.31226
-0.18616
0.00936
-0.19833
0.29815
0.07572
-0.42554
0.51794
-0.48206
-0.0817
0.32021
0.03704
0.5536
-0.12969
-0.12749
0.17397
0.6214
0.66386
-0.14934
0.45105
-0.03274
0.56911
0.37617
-0.34338
-0.15079
-0.10496
0.08401
0.18182
-0.4247
-0.22185
0.5709
-0.13047
0.56144
-0.24374
-0.04375
0.51794
-0.28206
0.31831
0.22137
0.23034
-0.16058
-0.2055
-0.19647
0.00307
0.33804
0.56022
-0.33311
-0.12682
0.68439
-0.01382
0.37178
-0.16024
0.53486
0.08573
-0.24317
-0.24841
-0.36229
-0.25327
0.54246
-0.05357
0.04705
-0.15313
0.24687
-0.08206
-0.08206
-0.0819
0.01989
-0.27441
-0.17438
-0.23327
0.07167
-0.13516
-0.13542
0.26771
-0.13255
0.48837
-0.09904
0.40191
0.39104
-0.33691
0.56314
-0.44547
0.03777
0.13708
0.03276
-0.3841
-0.18148
-0.47834
0.32279
-0.0775
0.32249
0.21794
-0.48206
0.41794
-0.08028
0.32549
0.12573
-0.23364
-0.43137
0.35777
0.46504
-0.33163
0.16819
-0.09959
-0.37622
0.12433
0.40389
-0.33254
0.46754
-0.13566
0.35904
-0.24126
-0.15106
0.51638
0.31904
-0.17786
0.42318
-0.27723
0.12276
0.01794
-0.18206
0.41794
-0.28028
0.4255
-0.47427
0.46433
-0.43074
0.05838
0.16565
0.26907
0.36907
0.30129
0.32461
0.52461
0.60304
-0.13222
-0.33222
0.26463
-0.44296
0.55891
-0.05063
0.51708
0.02243
-0.47732
-0.07634
-0.17676
-0.27676
-0.38206
-0.08206
-0.38065
-0.07786
-0.2748
0.02037
-0.0525
-0.44144
0.05841
0.36565
-0.33093
-0.23093
-0.29871
0.52461
-0.37539
0.50418
0.06778
-0.03222
-0.13516
-0.24296
0.05899
-0.35014
0.21713
-0.27777
0.1222
-0.27672
0.42324
-0.27676
-0.28206
0.51794
-0.38048
0.2208
0.11837
0.01551
-0.35189
0.05829
0.45823
-0.43424
0.469
0.26912
-0.40957
0.60299
0.50299
0.19213
-0.43628
0.36368
0.55515
0.03581
-0.26224
0.53415
-0.08301
0.12206
0.52198
0.4231
-0.47676
-0.47676
-0.38206
-0.38206
0.31947
-0.28188
0.40723
0.20724
0.04918
-0.34213
0.45789
-0.33408
0.46882
0.1692
-0.02498
0.16773
0.36773
-0.23671
0.05709
-0.14298
-0.06071
0.50117
0.10308
0.50385
0.1166
0.0218
0.21893
0.52088
-0.47676
-0.47676
