-0.21905
-0.21905
-0.02135
0.37865
0.07755
-0.5073
-0.40583
0.39424
0.09428
0.49202
-0.50773
0.19352
-0.11793
0.33126
-0.5104
0.07823
-0.16616
-0.06695
-0.06655
-0.05296
-0.5335
0.23539
0.25057
0.38736
0.09701
-0.50725
-0.53916
0.36084
0.38095
-0.51905
-0.32135
0.47865
0.07755
0.18662
0.48854
0.38895
-0.32235
-0.18012
0.0361
-0.07336
-0.20346
-0.31667
-0.42003
-0.32177
-0.36817
-0.36886
0.43115
0.14322
-0.42579
0.2737
-0.01176
0.12222
0.37655
-0.12089
-0.13916
-0.23916
0.48095
0.48095
-0.12519
0.07321
-0.02821
0.1863
0.17824
-0.0889
0.11593
0.4179
0.32283
-0.28183
-0.50239
-0.02126
-0.15872
0.03725
0.03171
0.33101
-0.06898
0.04439
0.17613
0.27629
-0.51191
-0.07675
0.31606
-0.0867
0.35929
-0.43916
0.18674
-0.21326
0.08332
0.28229
-0.12616
-0.01282
0.27766
0.20726
-0.36221
0.13314
-0.4601
-0.46508
0.36805
0.21981
0.11106
0.03232
0.386
-0.11955
-0.44178
-0.50066
0.02866
0.01072
0.00893
0.23867
0.03899
-0.05917
-0.31688
0.37074
-0.40002
0.29998
-0.502
-0.00352
0.19582
-0.076
0.12262
0.32559
-0.4644
-0.06598
0.04722
-0.10652
0.12107
-0.40953
0.0209
-0.3833
-0.32799
-0.01433
-0.14503
0.43233
0.11518
0.37944
-0.38717
0.45752
-0.35338
0.1264
-0.06737
-0.46397
0.49998
0.09998
0.40033
-0.19965
-0.00105
-0.17396
0.04815
-0.15754
0.4365
0.5344
0.32215
0.43503
-0.00112
-0.10191
-0.35113
-0.45321
0.08484
-0.41566
-0.04475
-0.56574
0.22211
0.45308
-0.49358
0.15749
-0.4568
0.32633
0.55459
-0.34411
0.29998
0.39998
-0.19926
0.10086
-0.10088
-0.07887
0.147
0.34279
0.04053
0.41607
0.2877
-0.57284
3.0E-5
0.09879
-0.4321
-0.03465
0.28591
0.3994
-0.33156
0.13007
0.0171
-0.26906
0.08647
0.31283
0.1206
0.13137
-0.14217
-0.44033
0.19998
0.19998
-0.29928
-0.49915
-0.40279
0.01606
0.24478
0.54299
0.44251
0.36223
0.23695
-0.27661
0.11886
0.03354
-0.53175
-0.44124
-0.32114
-0.30541
0.48677
0.23223
-0.39126
-0.19189
0.44233
0.17261
0.32169
0.33648
-0.14051
0.46115
0.09998
0.29998
-0.49929
-0.49915
-0.30519
-0.48713
-0.25539
-0.35656
0.04287
0.14534
0.01851
-0.57444
0.04766
-0.1308
0.05928
0.15179
-0.22992
0.38206
0.29012
-0.56927
-0.59453
-0.59394
0.14252
-0.43093
0.21366
-0.16786
-0.14055
0.36115
-0.10002
-0.20002
0.10071
8.5E-4
0.49454
-0.28764
0.5449
-0.2538
-0.17604
-0.55254
-0.36595
-0.15189
0.14061
-0.13853
-0.14865
0.44633
0.36227
-0.31859
0.37697
0.2188
0.20452
-0.20083
0.02868
-0.23542
0.31466
0.33502
0.1549
0.45712
-0.10002
-0.30002
-0.10322
0.09629
0.19432
-0.28685
0.54428
0.20239
0.20496
0.04449
-0.56253
-0.24208
-0.45594
-0.53299
0.05895
0.05207
-0.29957
0.28945
0.27917
0.22727
0.31286
0.1791
0.40434
-0.35005
0.23499
-0.45037
0.35101
0.45101
-0.20002
-0.20002
-0.10327
-0.00371
0.49815
-0.08464
-0.45613
0.39556
-0.11687
-0.54783
-0.24678
0.48578
-0.1336
-0.2268
-0.24332
0.06581
0.0921
-0.31703
0.08536
-0.15474
0.0448
-0.60765
-0.38093
-0.13955
-0.1652
0.14941
0.55101
0.25101
-0.40458
-0.30458
0.49642
-0.20339
-0.20174
-0.32365
-0.406
0.28923
-0.32211
-0.55557
0.3455
-0.21586
0.26587
-0.05234
0.35805
0.04273
-0.33826
-0.03719
-0.53385
0.00803
0.01257
0.10164
0.32861
-0.13846
-0.50322
-0.16965
0.24975
0.14975
0.39542
0.19542
0.29984
0.27184
-0.04573
0.4661
0.29152
-0.51101
-0.21002
-0.16606
0.23393
0.25305
0.12186
-0.18546
0.03714
-0.07526
-0.35215
0.24581
0.14483
0.37203
-0.2094
-0.38695
0.32397
-0.54439
0.19568
-0.35574
-0.25572
0.44428
-0.30458
0.29542
-0.30472
0.26902
0.04971
-0.1384
-0.21312
0.33661
-0.06337
-0.51651
-0.52836
-0.61984
0.18714
-0.41844
0.37532
0.1703
0.09121
-0.62296
-0.0182
0.29113
0.40202
0.31234
-0.18338
-0.38534
0.14812
-0.40492
-0.00513
0.39487
0.29542
0.19542
-0.50472
-0.53098
-0.25252
0.36004
-0.01547
0.04456
0.23349
0.22725
-0.57366
0.19596
0.27838
-0.22576
0.07194
-0.23365
0.19652
-0.51318
0.277
0.18365
-0.20468
0.39879
-0.16223
0.35117
-0.25415
0.14646
-0.15222
-0.52874
0.49542
-0.50458
0.09528
0.1666
-0.25251
-0.04974
0.26575
-0.04538
0.03915
0.10762
0.30703
-0.67
-0.06465
0.03449
-0.46423
-0.22335
0.02009
0.30927
0.39512
0.00199
-0.38246
0.33577
-0.16169
0.34111
0.33988
-0.46055
0.44329
0.36643
0.19555
0.09555
-0.50588
0.37384
-0.13406
-0.45386
-0.07972
0.14767
0.1587
-0.36955
-0.35699
0.32545
0.31677
0.18369
-0.62854
-0.32847
-0.02761
-0.21437
-0.2629
0.23295
-0.03825
-0.42125
0.06355
-0.11428
-0.11897
-0.14194
-0.5803
-0.15947
0.39479
0.39479
0.09472
0.4945
-0.41913
-0.53819
-0.36945
-0.2412
-0.5056
-0.21834
-0.43601
-0.54586
0.03207
0.02156
0.21422
0.30329
-0.20162
-0.39193
0.44663
0.34732
-0.053
0.2562
0.06696
0.17962
-0.04391
-0.34257
0.21756
-0.5737
0.29358
0.19358
0.39396
-0.10602
0.15745
0.14722
0.32896
0.42945
-0.52467
0.1915
0.46762
0.35324
-0.57022
-0.17352
0.30395
0.0919
-0.58433
0.31783
0.35572
-0.14251
0.44898
-0.54918
-0.23614
-0.10526
0.24148
0.33655
-0.48181
-0.48179
-0.00562
-0.00562
0.09501
-0.30577
0.14866
0.34007
-0.16759
0.13247
-0.44532
-0.51034
-0.34225
0.34587
0.12276
-0.06035
0.30663
-0.16771
-0.23027
-0.23073
0.28698
-0.22842
-0.24656
0.14518
-0.0345
-0.5043
-0.4466
0.43217
-0.4669
0.2331
-0.50294
0.49706
-0.50253
0.29699
0.06662
-0.14185
-0.05333
-0.55472
0.15533
0.03551
0.2016
0.09499
-0.09568
-0.30876
0.06757
-0.38161
-0.02015
-0.02145
0.32075
0.37508
-0.43747
0.04354
0.25468
-0.5343
-0.14614
-0.2462
0.45267
0.05267
-0.30002
-2.0E-5
-0.39988
-0.4
0.10146
0.00166
0.09597
0.39477
-0.00572
0.06561
-0.3461
-0.14694
-0.6195
0.3311
-0.17044
-0.6621
-0.14943
0.0503
0.07132
-0.17515
0.42811
-0.2611
-0.29464
-0.39529
0.40392
-0.2964
0.0013
0.20109
-2.0E-5
-0.10002
-0.50002
-0.10014
0.20162
-0.1981
-0.30575
0.09342
-0.00573
0.06713
-0.44577
0.35442
-0.11715
-0.3702
0.3288
-0.46801
-0.26261
-0.4638
0.04696
0.37674
0.18069
-0.39607
0.20483
-0.19614
0.20242
-0.39776
-0.5013
-0.5013
0.29998
0.29998
-0.20002
-0.10014
-0.49836
-0.29827
-0.20777
-0.40736
0.2942
0.46701
0.25422
0.3548
-0.51691
-0.16892
0.33108
-0.46561
0.0397
-0.2609
0.05056
0.17873
0.07947
-0.59661
0.00391
-0.49601
-0.49828
0.50111
-0.50225
0.29775
0.39998
0.49998
-0.19948
0.50082
0.40101
-0.09913
0.49246
-0.00898
-0.30845
0.46682
-0.4452
-0.0451
-0.41691
-0.26893
0.13104
0.2335
-0.0609
-0.0609
-0.45024
-0.22127
-0.4205
0.10209
-0.09674
-0.49706
-8.0E-4
-0.50229
-0.50225
-0.20225
0.09998
0.49998
-0.39941
-0.09899
0.50098
-0.19918
-0.30783
-0.20988
0.3908
0.06466
-0.24604
-0.44603
-0.51856
0.23433
0.03435
0.14187
-0.1457
-0.14571
0.37483
0.32519
-0.47453
-0.06478
0.4021
0.50165
-0.50113
-0.10229
0.49775
0.29775
-0.30002
-0.30002
-0.39943
0.50102
0.20085
-0.49935
0.49147
-0.1107
-0.41053
0.16119
-0.54861
-0.04773
-0.12359
0.13966
-0.36023
0.15588
0.07908
-0.62094
0.21805
0.40069
-0.29998
0.4988
-0.50099
0.29914
0.098
-0.20213
0.19775
-0.20225
