-0.49931
0.40069
-0.39924
-0.19924
0.5017
-0.28648
0.32103
-0.27898
0.52102
-0.38013
-0.28131
-0.1802
0.31981
0.23223
-0.43436
-0.13436
-0.23428
-0.33432
-0.03474
0.15417
0.02532
0.41886
0.0188
-0.08131
-0.18105
0.32138
-0.07924
0.12076
-0.49931
-0.19931
7.6E-4
7.6E-4
0.2017
0.31352
0.32158
0.12183
0.2218
-0.17119
0.13064
0.5316
-0.05058
0.56331
-0.23436
0.26564
0.36572
-0.4343
0.36529
0.15295
-0.06925
-0.16958
0.53078
-0.06774
0.12131
-0.37854
-0.47924
0.32076
-0.19931
-0.39931
-0.09924
-0.19924
-0.3983
0.01352
0.42178
0.42954
-0.46689
0.23232
0.23161
0.3328
0.44935
0.16564
0.56571
-0.23428
-0.13428
-0.33428
0.56532
0.25193
0.23166
0.03258
0.13387
-0.36611
0.43197
-0.26851
-0.27924
-0.47924
-0.19947
0.40053
-0.29943
0.10057
0.50232
0.21367
-0.48288
-0.47715
0.02685
0.52567
0.42367
0.12103
-0.06558
0.0489
-0.44977
-0.24667
-0.24711
-0.44717
-0.05162
-0.05814
-0.36273
0.41577
0.02804
0.23202
-0.468
-0.46815
0.51891
-0.3811
-0.29965
0.40035
3.6E-4
-0.49964
-0.29794
0.30991
-0.38509
-0.48388
0.31728
0.21609
-0.18595
0.02574
0.3321
-0.26487
0.20256
0.2199
-0.17988
-0.29434
0.12998
0.53372
0.5423
-0.48368
-0.47488
-0.07046
-0.47047
0.52936
-0.38253
0.211
0.40035
0.40035
-0.29921
-0.09919
-0.49783
-0.38986
-0.48281
0.11718
0.21704
0.01363
0.01071
-0.37191
-0.46596
-0.16554
-0.29809
0.20559
-0.49482
0.40516
0.12877
0.2351
-0.45641
-0.38223
0.42585
-0.17045
-0.27048
-0.37058
0.21488
-0.08512
-0.09965
0.40035
0.00129
0.20144
-0.39759
-0.09031
-0.48286
-0.08287
0.01674
0.30732
0.40377
0.42655
0.13309
-0.26563
0.50183
0.1055
0.30514
-0.4949
-0.06523
0.34359
0.24644
-0.26455
0.02378
0.22575
0.12322
0.12227
-0.18461
0.41538
-0.19965
-0.29965
0.50127
0.10144
-0.49759
-0.0912
-0.18428
0.31573
-0.48456
0.50195
-0.38414
-0.27079
0.02724
-0.28033
-0.19818
-0.09451
0.20514
0.20649
0.22546
0.34068
-0.35134
0.44921
-0.26399
0.42187
0.51379
-0.38443
0.01535
0.11535
0.20035
-0.39965
-0.19874
0.00143
0.50241
0.10865
-0.08466
0.21506
0.3146
0.40453
0.43478
-0.16691
0.02109
0.30213
0.40225
0.30593
0.10661
0.00813
0.4098
-0.16833
0.3472
0.14731
-0.16761
-0.17889
0.51939
-0.48452
0.41535
0.21535
-0.39965
0.10035
0.00126
-0.29857
0.20241
0.30877
-0.18487
0.31456
-0.2854
-0.09383
-0.36239
-0.36659
-0.37768
-0.39756
0.00256
0.40747
0.40823
0.10856
0.51197
-0.26744
0.04715
0.54725
0.23508
0.41693
0.51934
-0.08459
0.21535
-0.28465
-0.09965
-0.19965
-0.49875
-0.19857
0.20241
0.40889
0.21514
-0.48536
0.31466
0.01922
0.23755
0.52921
0.11933
0.00441
-0.29538
-0.38987
0.41077
0.32419
0.01941
0.33152
-0.0597
-0.25249
-0.25684
0.53389
-0.38639
-0.0846
-0.08465
-0.48465
0.20035
0.30035
-0.19875
-0.19857
-0.09759
0.10932
0.1149
0.14929
0.37071
0.17356
0.47236
-0.16018
-0.05989
0.44174
-0.15576
-0.05205
0.54758
0.05913
0.25496
0.55395
-0.44726
-0.15031
0.34469
0.33462
-0.38571
-0.38398
0.31535
0.01535
0.20035
0.30035
-0.49875
0.40143
-0.49759
0.50748
-0.18892
0.18518
0.50783
-0.1894
0.10939
0.07699
-0.3212
-0.20493
-0.10413
0.51333
-0.18714
-0.18944
0.40576
-0.10898
-0.31494
-0.16241
0.53775
0.43953
0.14684
0.22948
0.21597
0.01597
-0.19965
-0.29965
0.10125
0.20148
0.30249
0.20762
0.41116
0.11518
0.0152
-0.19341
-0.1945
-0.29124
0.31119
0.51389
-0.38595
0.0307
0.62887
-0.3714
-0.37659
0.31957
0.1136
-0.36704
0.03381
0.13563
-0.25424
0.51609
0.21609
-0.28391
-0.29965
-0.09965
-0.29875
0.10148
0.50249
-0.09239
0.51116
-0.28467
-0.28465
0.60784
0.20778
0.60806
0.00847
-0.27696
-0.3785
0.02484
-0.07553
0.62454
0.51601
0.60561
-0.19484
0.53292
0.43673
-0.06016
-0.45311
0.11617
0.01617
0.31617
0.20035
0.30035
-0.19875
0.40148
0.30249
-0.29253
0.21079
0.47455
-0.42542
0.2781
0.27925
-0.01189
0.28794
0.00237
0.60097
0.10439
0.50402
0.204
-0.10424
-0.41492
0.38474
0.35312
0.26168
-0.13307
-0.2311
0.16704
0.15406
-0.06777
-0.29965
0.30035
-0.29875
-0.49852
0.40249
-0.17569
-0.26179
0.44257
-0.2574
0.58587
-0.12402
0.29966
-0.09612
0.61684
0.41782
0.09589
-0.23847
0.16149
0.45395
-0.05746
-0.25519
0.53055
-0.44022
-0.42619
-0.22457
0.57537
-0.13988
-0.36139
-0.19965
-0.19965
0.40125
0.30148
0.303
-0.17935
-0.16424
-0.25999
-0.25743
0.28589
-0.41835
0.50397
0.10951
0.20738
-0.39222
-0.29514
0.59471
-0.31741
-0.23253
-0.26956
-0.46504
0.53751
0.1616
0.17378
0.07306
-0.02885
-0.0493
-0.36949
-0.09965
-0.39965
-0.09875
-0.49855
-0.39694
-0.18115
0.33654
0.2421
-0.06635
0.06153
-0.21445
-0.18911
0.61767
-0.18242
0.21761
-0.3785
0.01873
0.0066
0.48303
-0.06276
0.33818
-0.06081
0.13943
-0.34341
-0.02936
-0.02945
0.55914
-0.24676
0.10035
-0.19965
-0.19875
-0.39855
-0.37902
0.52993
0.4369
0.2389
-0.37396
-0.43346
-0.00735
-0.29145
-0.08772
0.51368
0.51323
0.40908
0.40317
0.50276
-0.42027
0.23281
-0.16718
-0.46715
0.132
-0.16674
0.4616
0.56058
0.45666
0.25665
-0.09965
0.50035
-0.19874
0.50145
0.03022
-0.06312
0.0369
0.53667
0.4224
-0.33682
0.58892
0.28808
-0.1118
-0.10684
0.1927
0.26795
0.14962
0.14949
0.43909
-0.38935
0.40918
-0.39201
0.30804
-0.39164
-0.26046
0.53653
0.33646
0.43642
0.30035
0.40035
0.20128
0.10146
0.52175
-0.17328
-0.2521
0.05225
0.14306
0.18628
0.40401
0.30424
-0.23426
8.1E-4
-0.19923
0.06996
0.4287
0.42866
0.48763
0.30559
0.4039
-0.49919
-0.09844
0.216
0.02672
0.42669
-0.37333
0.42663
0.10035
-0.19965
0.10078
0.30083
0.40131
-0.39844
0.02219
-0.37277
0.02702
-0.26078
0.44433
-0.25627
0.30752
0.15065
-0.34926
0.24359
-0.37196
-0.17197
-0.38958
0.0712
0.17133
0.16225
0.30142
-0.4985
-0.49851
0.10141
0.30087
0.40084
-0.09965
0.40035
-0.19964
-0.49963
0.40118
-0.49792
-0.07737
0.0279
-0.27229
0.5398
0.24535
-0.15517
-0.18811
-0.33876
0.06131
0.15207
-0.26447
-0.36459
0.62986
-0.18341
0.01683
-0.30332
0.10212
0.20219
0.00221
0.40207
0.50045
0.40041
-0.19965
0.10035
0.10036
-0.49963
0.1012
-0.19779
-0.27666
0.02859
-0.17166
0.14047
-0.05381
0.34624
-0.38666
0.46193
-0.33807
-0.14785
0.43615
-0.1639
0.33089
0.11823
0.21823
-0.20374
0.30279
0.30288
-0.09709
0.3028
-0.49948
-0.49948
-0.49965
-0.29965
-0.29964
-0.19957
0.20044
0.30103
-0.37743
0.12836
0.02833
0.24052
0.04624
0.44624
-0.28666
0.16193
0.06192
0.15261
-0.1639
0.1361
-0.36875
-0.18177
0.61823
0.59737
-0.49725
-0.19733
-0.19814
-0.49813
0.10052
5.2E-4
-0.39965
-0.49965
0.10036
0.4004
-0.09967
0.20096
0.12264
-0.27195
0.42795
-0.15939
0.14592
0.34625
-0.08973
0.05213
0.35212
0.44494
0.12931
0.52929
0.51209
-0.42599
0.07387
-0.33537
0.00248
0.50245
0.10186
0.50187
5.2E-4
-0.09948
0.10035
-0.09965
0.40036
0.10036
-0.2999
-0.29923
-0.17736
-0.17275
0.12722
-0.05952
0.14516
0.44625
-0.19225
0.23614
0.03613
-0.07141
0.41824
0.6182
-0.31885
0.1019
-0.19856
-0.49855
0.3017
0.20183
-0.19815
-0.49814
0.40052
5.2E-4
