0.1
-0.2
-0.2
0.0
0.19989
-0.44207
0.25779
-0.14221
-0.14221
0.45789
-0.342
-0.36762
0.43184
-0.26844
0.32257
-0.17749
-0.5998
-0.39902
0.40099
0.40342
-0.08984
0.31035
-0.08424
-0.0669
-0.0529
0.35787
-0.04213
0.15787
-0.4
0.4
-0.4
-0.1
0.29989
-0.14207
-0.54221
0.05779
0.05776
0.15768
-0.34298
0.13179
-0.57348
0.22316
0.32253
0.02251
-0.49976
-0.19902
-0.59901
0.00384
0.01001
-0.08994
0.11547
0.13265
-0.25269
-0.34213
0.25787
0.25787
-0.1
-0.2
-0.4
-0.5
-0.10011
-0.14207
0.45777
-0.54235
-0.34297
-0.55369
0.13468
-0.569
0.32672
0.02251
0.40319
-0.29772
-0.59973
9.8E-4
0.10099
0.30417
0.40999
-0.59007
-0.48475
-0.36743
-0.55263
-0.14238
-0.34213
0.35787
0.2
-0.5
0.3
-0.1
-1.3E-4
-0.12255
-0.52315
-0.02321
-0.42338
-0.3339
0.05114
0.35166
0.43316
-0.34371
-0.06038
0.11616
0.03508
-0.46408
0.07739
-0.13941
0.1343
0.2303
-0.2651
0.35215
0.26691
-0.12286
0.47747
-0.22253
-0.1
-0.2
0.0
0.1
-0.20008
-0.50022
0.09916
-0.10099
0.19896
-0.41137
0.17403
-0.43128
-0.55126
-0.54453
-0.32452
0.43479
-0.34708
0.35681
0.49197
0.37333
0.25613
0.35161
-0.44299
-0.52575
0.08897
0.3992
-0.40031
0.29979
0.5
-0.3
-0.4
-0.5
-0.30008
0.49979
-4.4E-4
0.29956
-0.3006
0.09904
0.46356
-0.2476
-0.25474
-0.54435
0.28871
-0.05266
0.1565
-0.54339
-0.2077
-0.42678
0.35609
-0.24852
-0.24304
-0.32575
-0.01103
0.0992
0.39979
0.19979
0.0
0.2
-0.4
-0.1
0.09992
0.49979
0.19979
-0.50021
-0.20022
-0.20129
0.36116
-0.15501
-0.35602
-0.04454
0.4994
0.25678
-0.44355
0.45661
-0.3079
0.37301
-0.34394
0.44692
0.05696
0.17425
-0.51093
-0.40066
-0.10021
-0.40021
-0.1
0.5
0.0
-0.1
0.39992
0.19979
-0.20021
-2.1E-4
-0.10021
-0.31239
0.35283
-0.55573
0.16175
0.38224
0.2994
0.45677
0.15642
0.25654
0.39491
0.07516
-0.34388
-0.15673
0.45294
-0.52572
0.38923
0.19946
-0.50021
-0.30021
0.1
-0.3
0.3
-0.2
-8.0E-5
-2.1E-4
0.19979
0.09979
-0.30021
-0.22398
-0.35291
0.15171
0.39481
-0.3
0.1994
-0.24326
-0.04367
0.2563
-0.20177
-0.22252
-0.04379
-0.25661
0.45349
-0.02569
-0.11087
0.09946
-0.30021
0.49979
0.3
0.4
0.4
0.1
0.49992
-0.50021
0.39979
-0.50021
0.28844
0.2633
-0.34633
-0.43391
-0.40544
-0.4
-0.2006
-0.44323
0.35635
0.25622
-0.10238
0.47703
0.35609
-0.25661
0.2522
0.37438
-0.51081
0.09954
0.09979
0.49979
0.0
-0.2
-0.4
0.4
-0.50008
-0.30021
-0.40021
0.4765
0.46181
0.35267
0.3558
-0.43182
0.09531
-0.1
-0.30068
-0.24252
0.05684
-0.544
-0.30244
-0.12251
0.05796
-0.05661
0.34899
-0.53224
-0.11048
-0.40025
-0.40021
-0.10021
-0.3
0.5
-0.3
0.3
-0.40008
-0.40085
-0.20086
0.23647
-0.3787
-0.17472
-0.27344
-0.36506
-0.14011
-0.34011
-0.441
-0.48272
-0.38344
-0.28422
-0.34256
-0.05889
0.22501
0.44344
-0.55088
-0.43219
0.38952
0.49975
0.49979
-0.30021
0.3
0.2
0.3
-0.1
-0.20008
-0.41942
-0.12427
-0.20539
0.07928
-0.11819
0.38309
0.29322
0.01624
0.11262
-0.08818
0.16959
-0.03103
-0.6313
-0.08949
-0.20292
0.18177
-0.35633
-0.35078
0.06648
-0.31884
-0.40366
-0.30021
-0.10021
0.4
-0.1
0.2
-0.01453
-0.02278
-0.52415
-0.02427
-0.59216
0.19419
0.28182
-0.21591
-0.49195
0.30785
-0.39252
-0.49313
0.06498
-0.13557
-0.03599
0.40566
0.1881
0.17298
0.24393
-0.05065
0.16648
-0.41881
0.29979
0.09979
-0.10021
0.1
0.1
-0.4
-0.31362
0.47722
0.07585
-0.22508
0.1645
0.25912
-0.13981
-0.63884
0.18481
0.38477
0.28452
0.18412
0.14243
-0.15752
0.04244
-0.41687
0.18347
-0.42619
-0.35606
0.34398
-0.05618
0.15849
-0.42291
-0.42291
-0.02291
0.1
-0.5
0.3
-0.21362
-0.12278
-0.2235
-0.32428
-0.4877
-0.29411
-0.49614
0.30377
0.41782
0.11598
0.41573
-0.48467
-0.52638
-0.02627
0.07394
0.01453
-0.28532
-0.49603
-0.17225
0.12837
-0.07177
0.3429
0.45363
-0.14411
-0.3385
0.1
0.3
-0.2
-0.1143
-0.52278
-0.12717
-0.33088
0.44983
0.34264
-0.06272
0.05617
0.13935
-0.56374
-0.16387
-0.16444
0.00227
0.10967
-0.59034
0.2507
0.45088
0.13929
0.23092
-0.27414
-0.57671
-0.36204
-0.05181
0.45104
-0.24344
0.5
0.0
0.4
-0.31019
0.18789
-0.31751
-0.24002
0.35488
-0.44697
0.04694
-0.23527
-0.54826
-0.55117
-0.35102
0.04846
0.20863
0.21096
0.21378
0.06958
-0.24126
0.34332
-0.369
0.33025
-0.05401
-0.33934
-0.03975
0.06249
-0.53277
0.3
-0.1
-0.5
0.18952
-0.02005
-0.52355
-0.23488
0.06455
-0.23216
-0.4383
0.2573
0.34299
0.44005
0.4401
-0.45997
-0.40167
-0.50161
-0.10089
-0.05246
0.44017
-0.56603
0.23038
-0.36352
-0.15031
0.24969
-0.44881
0.05469
0.27267
0.1
0.3
0.4
-0.01048
0.37034
0.16708
-0.0356
-0.13563
0.46882
0.4606
-0.04767
-0.35809
-0.05991
-0.25989
-0.15985
-0.30137
0.39873
-0.40073
-0.55242
-0.46019
-0.16536
0.43488
0.34073
0.15835
0.14994
0.44994
0.45194
-0.24083
-0.1
-0.2
-0.3
0.48977
-0.4321
-0.23475
-0.2356
0.1644
-0.33168
-0.13687
0.05622
0.05565
0.05569
-0.34427
0.15574
-0.1813
0.32293
0.1231
0.16731
-0.1446
0.35023
0.45023
-0.34428
-0.52607
-0.03447
-0.33447
0.06553
0.06553
-0.4
-0.2
0.3
-0.51069
0.16866
0.46757
-0.0297
0.16767
-0.33068
-0.43706
0.35797
-0.54231
-0.24465
-0.14449
-0.34448
0.03266
-0.55907
0.34093
0.47425
-0.2333
-0.23614
0.46386
-0.13308
-0.42084
-0.52876
0.26824
-0.03176
-0.03176
-0.5
0.4
0.5
-0.21023
0.37387
-0.42613
-0.50778
0.39087
-0.00828
-0.21043
0.1887
0.3887
-0.31576
-0.31855
-0.51855
-0.21671
0.08766
-0.31234
-0.5106
0.19252
-0.00757
0.09325
0.29891
0.29998
0.38129
-0.12495
-0.42495
0.07505
-0.4
0.4
0.1
-0.41023
0.07387
0.47387
-0.30755
0.09099
0.3917
0.28966
0.3887
-0.0113
-0.51738
0.37824
-0.42176
-0.5188
0.08648
-0.21352
0.0873
-0.1114
0.0884
0.49021
-0.50111
-0.30003
-0.51872
-0.52496
0.47504
0.47504
0.3
-0.4
0.0
-0.01023
-0.52613
-0.32614
-0.50657
0.4917
0.29169
-0.31035
0.38869
-0.21131
0.18261
-0.22181
-0.52181
-0.41867
-0.21355
0.48645
0.18732
-0.31055
-0.2113
-0.10971
-0.20123
0.49877
-0.11878
0.07499
-0.225
-0.525
0.4
0.3
-0.20059
0.38879
0.07387
0.17386
0.29292
-0.0083
0.09169
-0.01035
-0.11131
-0.51131
-0.11739
-0.22181
0.27819
0.48117
0.08645
0.18645
0.48727
-0.31055
-0.01133
-0.50983
-0.40123
0.19877
0.38122
0.37499
-0.425
0.175
-0.5
-0.3
-0.50066
0.28859
-0.12613
0.37386
-0.30723
0.3917
-0.50831
-0.01044
0.38869
0.28869
-0.41585
-0.21867
-0.11867
0.18316
-0.11241
0.08759
-0.31067
-0.00655
0.49263
0.29312
-0.10123
0.49877
0.28247
-0.224
0.075
0.375
0.2
-0.4
-0.40064
-0.31141
-0.52613
0.37386
0.19254
-0.3083
-0.30831
0.08947
-0.31131
0.48869
-0.21375
0.28645
0.08645
-0.51228
-0.31055
-0.21055
0.39281
0.49995
0.0991
-0.00122
-0.20123
-0.00123
0.19993
-0.01128
-0.525
-0.025
