-0.4
0.1
0.0
0.5
0.08881
-0.23684
-0.53694
0.06306
0.26306
-0.02322
0.09104
0.02594
-0.31797
0.33969
-0.36573
-0.56833
-0.34148
0.22693
0.22694
0.42718
0.04986
-0.12521
-0.12356
0.28163
-0.41194
0.16306
-0.03683
-0.03683
0.3
0.2
-0.1
-0.2
0.48881
-0.53684
-0.53699
0.06297
-0.33701
-0.5541
-0.20888
-0.04455
-0.26468
0.33198
-0.56819
-0.26833
0.16261
0.32692
-0.57307
0.12716
0.03158
-0.26704
0.43415
0.12015
-0.04944
0.46065
-0.33683
0.16317
0.5
0.1
0.0
-0.3
0.18881
-0.23684
-0.037
-0.16155
-0.57798
0.3269
0.14797
-0.36756
-0.66816
-0.06833
0.32585
0.32561
-0.33434
-0.07308
-0.17308
-0.37286
0.12971
0.21798
0.00703
0.40972
-0.48297
-0.37855
0.26317
-0.33683
0.3
0.4
-0.1
0.2
-0.51126
0.35676
0.44817
-0.56768
0.11976
-0.46256
0.3744
-0.35259
0.34197
-0.1397
-0.0426
-0.54644
-0.59624
0.17086
0.26864
-0.14513
0.24472
0.0352
-0.39123
-0.18602
-0.3818
0.12104
0.2673
0.1673
-0.2
-0.1
-0.3
0.1
0.08875
-0.33882
0.25291
-0.06178
0.03239
-0.25396
-0.11743
0.07596
-0.02777
-0.61526
-0.01275
0.08089
-0.20445
-0.08282
-0.10287
-0.20818
0.35907
-0.06641
-0.37954
-0.27988
0.32415
0.12696
0.25488
0.15582
-0.5
0.4
0.19996
-0.30004
-0.41127
-0.53993
0.24765
0.44616
-0.55537
0.41552
-0.32664
-0.29369
-0.57998
0.01891
-0.0677
-0.30491
-0.01335
-0.49804
-0.01393
-0.22634
0.45244
-0.06355
-0.47787
0.12013
-0.27583
-0.27303
0.04881
0.04881
0.1
-0.3
0.29992
-0.2001
0.2887
-0.24006
0.14717
0.44653
0.34606
-0.23412
-0.52656
-0.56204
-0.2141
-0.41087
-0.10235
-0.48674
0.38671
-0.09696
0.1858
0.06395
-0.14991
0.43631
0.32884
0.03215
0.02742
-0.17304
0.04874
-0.45126
-0.2
-0.1
0.39992
0.4999
0.3887
0.36026
-0.15399
-0.35399
-0.35396
-0.42242
-0.41688
-0.46613
0.19061
0.19585
-0.40235
0.31047
0.28496
-0.40926
-0.32255
0.36229
-0.24166
-0.45356
0.24722
0.34689
-0.27005
-0.37304
-0.45126
-0.05126
-0.2
0.5
0.49992
0.1999
0.2887
-0.03915
-0.35396
-0.05393
0.44612
-0.02592
-0.41749
-0.26946
-0.50182
-0.50151
-0.40393
0.20752
0.27173
0.16483
-0.09537
-0.5474
0.27176
0.26154
-0.33571
-0.55048
0.12856
0.42544
-0.15126
-0.35126
-0.2
0.3
-0.50008
-0.2001
-0.1113
-0.33911
-0.25394
0.34612
-0.3573
-0.22939
0.10065
-0.36
0.49699
-0.10271
0.49494
-0.0951
0.06724
-0.14403
-0.04289
0.44757
-0.13497
0.1615
0.16329
0.0474
0.43169
0.33044
0.34745
0.14769
-0.1
-0.3
0.09993
0.4999
0.1887
-0.43911
-0.15394
0.38824
-0.16661
-0.03147
-0.21325
-0.10989
0.39709
0.09771
-0.10464
-0.42976
0.11049
-0.43801
-0.53379
0.06814
-0.33455
0.46193
0.06614
-0.44816
0.44906
0.04607
-0.25386
0.44614
0.5
0.5
0.19993
-0.3001
-0.2113
-0.33914
-0.55396
-0.00642
0.23389
-0.32715
0.18922
-0.11015
-0.2032
-0.5009
-0.03124
-0.44009
-0.50024
-0.13591
-0.62708
-0.23034
-0.43293
0.26398
0.27641
-0.43082
-0.15095
-0.55404
0.34614
-0.05386
-0.2
0.4
0.19993
0.1999
0.4887
0.15545
0.43929
-0.60361
0.23355
0.3721
-0.31154
0.19087
-0.41899
0.07022
-0.33213
0.03814
-0.31486
0.1632
-0.22798
-0.27909
-0.43312
0.06529
0.4763
-0.32869
-0.5507
-0.45415
0.44603
0.04603
0.0
0.0
0.39993
-0.40449
-0.31814
-0.04622
-0.36071
-0.15574
0.33876
-0.52649
-0.01126
0.09794
-0.51794
-0.05062
0.24595
-0.5517
-0.39309
-0.33699
-0.22814
0.36647
-0.5719
-0.51418
-0.31267
-0.22874
-0.45068
-0.45397
0.34603
0.24603
0.0
-0.4
-0.40007
-0.00421
0.48186
-0.04622
0.06884
-0.67004
0.1376
0.25364
-0.446
0.24469
-0.45857
-0.55858
-0.23293
0.25822
0.15822
0.05816
-0.32878
0.18664
0.18776
-0.21422
-0.51431
-0.53551
0.34271
0.03919
0.03919
0.33919
0.1
0.3
0.49993
-0.40421
0.48186
-0.04678
0.17093
-0.06882
0.13853
-0.08348
0.31215
-0.36752
0.14145
-0.35856
-0.33291
0.2582
0.26167
-0.4201
-0.51334
0.18666
0.01015
0.13382
0.2693
-0.35794
0.23619
-0.46205
0.03805
-0.56171
-0.3
-0.2
0.09993
0.19559
-0.31814
0.45287
-0.63182
0.03307
0.3372
-0.10222
-0.25681
-0.43669
-0.12663
-0.00986
-0.31115
-0.08672
0.23959
0.13858
-0.4128
0.28726
0.28621
-0.08961
-0.03227
-0.36207
0.23484
-0.36237
-0.56224
-0.26201
-0.3
-0.2
0.19993
0.49683
0.18498
-0.02695
-0.43918
-0.16699
0.01636
0.09349
-0.11024
0.11928
0.22022
0.06241
0.36006
-0.04574
0.15804
0.05882
-0.02377
-0.11148
-0.02548
0.19598
-0.33697
-0.25561
0.14161
0.04126
-0.43565
0.46444
-0.4
0.4
-0.50007
0.09704
0.28314
0.06297
0.14553
-0.67309
-0.08667
0.09306
0.08647
0.31115
0.01115
0.22208
0.32207
-0.38918
-0.38917
-0.48909
-0.07088
-0.05367
0.34257
-0.52673
0.44165
-0.37492
0.01939
-0.2801
-0.45494
-0.35014
-0.5
0.3
-0.40007
0.39704
0.18158
-0.13986
0.23838
-0.16266
-0.17277
-0.59332
-0.30286
-0.39033
-0.49038
-0.49038
0.10964
-0.2992
-0.0992
-0.69909
-0.38168
-0.06508
-0.5667
0.35473
-0.10584
0.32094
-0.27678
0.12666
-0.05973
-0.55774
0.0
0.2
-0.40008
0.09711
-0.51848
-0.13932
0.3384
0.14148
-0.34718
0.33238
0.02008
-0.07688
0.12387
-0.68844
-0.38945
0.10875
-0.58277
0.21733
0.3286
-0.46413
-0.65981
-0.15315
0.35335
0.03063
-0.36872
-0.45947
-0.5594
0.34066
0.4
-0.1
-8.0E-5
0.45627
-0.5093
-0.03949
-0.34408
-0.21153
0.27745
-0.33492
-0.53789
-0.53793
-0.58059
-0.12102
0.37795
-0.32379
0.28719
-0.01281
-0.38536
0.16118
0.35811
0.37064
0.07958
-0.53879
-0.04397
0.35523
0.45531
-0.04464
0.0
-0.4
0.39996
-0.30283
-0.40905
-0.10911
-0.40227
-0.5747
-0.30019
0.00445
-0.1937
-0.09364
-0.43302
-0.4592
-0.25916
0.33973
0.0383
-0.56171
0.1461
-0.63501
0.35781
-0.33697
0.40584
0.39977
0.39469
-0.20701
-0.00691
-0.10686
-0.4
-0.4
-0.5
-0.20279
-0.00903
0.19089
0.30999
-0.56349
-0.20022
-0.1958
0.20626
0.1063
0.16828
-0.2592
-0.35919
0.24072
0.2407
0.24071
0.23903
-0.44332
-0.66072
0.24396
0.2048
-2.4E-4
0.39468
-0.50702
-0.10691
-0.50685
-0.3
0.5
0.4
-0.40279
0.09097
0.39085
0.09977
0.39981
0.19983
-0.19581
-0.49377
-0.29377
-0.53179
0.34066
0.24066
-0.25939
0.24058
0.14058
-0.56123
0.43422
0.06786
-0.05539
0.09771
0.39769
0.29464
0.09296
-0.10696
-0.30696
-0.3
0.0
-0.55003
0.31138
0.29101
0.19096
-0.4451
0.19981
-0.50017
-0.09581
-0.39377
0.30623
0.36821
0.14066
-0.15935
0.4406
0.04058
-0.55942
0.43889
0.13422
-0.4352
-0.35603
-0.10225
-0.10227
0.39475
0.19304
-0.30696
-0.50696
0.5
0.2
0.04384
-0.20497
-0.209
0.29096
-0.45019
0.29986
-0.40011
0.40444
-0.39373
-0.09376
0.06686
-0.15935
0.14064
-0.3605
-0.46185
-0.46185
-0.15402
-0.34081
-0.1133
-0.43763
-0.10223
-0.20224
0.19509
-0.30669
0.39304
0.39304
0.1
0.4
-0.55412
-0.50497
-0.109
-0.10904
0.14475
-0.10007
-0.50002
-0.3953
0.00634
0.40624
0.16358
0.44063
0.04062
-0.06211
-0.36582
-0.36581
0.45525
-9.0E-5
-0.57458
0.29786
0.29786
0.19781
-0.30014
0.2968
0.29304
0.39304
