-0.49999
1.0E-5
0.40001
-0.09999
-0.49336
-0.47781
0.24574
-0.35426
0.34575
0.43764
-0.07078
-0.26992
-0.36987
0.43041
-0.447
0.55346
0.55399
0.25396
-0.44606
0.55384
0.23122
-0.36893
0.23094
-0.06954
0.12956
-0.45424
-0.17776
0.52224
-0.39999
1.0E-5
-0.09999
-0.19999
0.40664
0.02221
0.34576
-0.35422
0.34575
0.33781
0.52953
0.13073
-0.14789
-0.24772
0.15342
0.25346
0.05399
0.35393
0.25392
0.25379
0.53137
0.53134
0.33123
-0.15812
-0.45454
0.54621
0.02224
-0.07776
-0.19999
0.20001
0.20002
3.0E-5
-0.29334
-0.17779
-0.05427
-0.05414
0.16595
-0.4415
-0.15026
0.44992
-0.44676
0.05344
0.05391
-0.34603
-0.44601
-0.44608
-0.34608
0.35377
-0.16865
-0.16171
0.24565
0.04668
-0.05334
0.14631
0.32224
-0.27776
0.30002
0.50002
0.40003
0.20003
0.40664
-0.38044
0.36148
0.46157
0.4655
0.05794
-0.27335
0.22656
-0.16101
0.03615
0.03879
0.24175
0.34143
-0.05867
0.53579
-0.06375
0.51702
0.11724
0.43382
-0.46664
0.03276
0.43241
0.21962
0.21962
-0.29997
0.40003
-0.39997
0.40003
0.40664
0.51662
-0.43765
0.46254
0.36272
0.15502
-0.29848
0.5017
-0.48688
-0.28736
0.3231
0.12854
-0.27193
0.32789
-0.27746
0.52307
0.5111
0.51445
0.11822
0.51777
0.01729
-0.08305
-0.4833
0.21667
0.20003
0.10003
-0.49997
-0.29997
-0.09335
0.31664
0.24906
0.14928
-0.44646
-0.05452
0.20181
0.40189
0.40204
0.2015
-0.27746
-0.27185
-0.1721
0.2279
-0.37086
0.13381
-0.28331
0.11826
0.1182
0.31778
0.11729
0.31695
-0.3833
0.2167
-0.29997
-0.39997
3.0E-5
-0.19995
-0.49331
-0.48321
0.14045
0.34053
0.54068
-0.16739
-0.29822
0.40179
0.20182
-0.09857
0.5222
0.52787
0.4279
0.02788
0.3293
-0.06037
-0.38194
-0.28153
0.31817
-0.28225
-0.28273
0.3169
-0.28332
-0.18333
0.10002
0.10002
-0.29997
-0.19995
0.10669
-0.28315
-0.45937
0.14063
0.54068
0.23283
0.10208
-0.29814
-0.49872
0.50056
-0.07781
-0.37185
0.02818
0.03562
0.13344
0.13992
0.31264
-0.48818
-0.28764
0.51556
0.51716
0.01677
0.11665
-0.28335
-0.4
0.5
-0.39999
0.20004
0.40668
-0.18317
0.44061
-0.45939
-0.25936
0.3332
0.01267
0.51234
0.31491
-0.08536
-0.16293
-0.15704
-0.34973
-0.14149
-0.04607
-0.44538
0.1021
-0.29746
0.40196
0.01346
0.31728
0.11693
-0.38335
-0.38335
-0.3
-0.2
-0.1
-0.19998
-0.49336
0.2168
0.04059
-0.45942
-0.25911
-0.16631
-0.47414
-0.37451
0.32446
-0.1758
-0.15361
0.06084
0.26866
0.26868
0.46158
-0.44101
0.50208
-0.19747
0.31448
-0.47366
0.31746
0.11709
-0.28314
0.3168
-0.2
-0.2
0.3
2.0E-5
0.30664
-0.48322
0.24057
0.04122
-0.35823
0.53412
-0.4743
0.32533
-0.47561
0.3241
0.24629
0.06153
0.46854
-0.43464
-0.34406
-0.45303
0.02539
-0.47409
-0.47429
0.53773
0.11744
-0.18291
-0.38291
-0.18291
0.0
0.4
1.0E-5
-0.29997
0.10664
0.21778
0.53943
0.34415
0.34485
0.33678
0.52827
0.32786
0.42701
0.02663
-0.23461
-0.32902
-0.2292
0.15434
0.54759
-0.45204
-0.37116
-0.2744
-0.17432
0.43791
-0.35901
0.24061
0.51709
0.21709
-0.39999
0.40001
-0.19998
-0.49995
0.50669
0.11922
-0.48023
-0.37169
-0.47104
-0.07915
-0.48771
-0.28845
-0.37914
0.22733
0.54953
0.15467
0.1541
0.13875
-0.26685
0.43358
-0.26752
0.02389
0.12543
0.43759
-0.15853
-0.259
-0.35939
-0.15939
-0.49996
0.10004
-0.29996
-0.49958
0.30727
-0.28063
0.21985
0.32814
0.52867
-0.47998
0.01222
-0.28904
-0.0796
0.22754
0.14973
-0.15122
0.53893
0.33898
0.03339
0.43385
-0.28905
-0.09798
0.12543
-0.06241
0.14147
0.44085
-0.45915
0.24085
0.40004
0.40004
0.20004
-0.49959
0.40726
-0.48067
0.4199
0.52947
-0.27036
0.12944
0.2294
0.52817
0.22817
0.12823
0.23385
-0.36056
-0.16056
0.43944
0.4339
0.33386
0.51079
0.30182
-0.07457
0.23816
-0.45796
-0.15858
0.14142
-0.15858
-0.39996
0.30004
0.30004
0.50041
0.20727
-0.18164
-0.28128
0.1235
0.1237
-0.27514
0.12527
0.55015
0.25504
-0.2449
-0.03928
0.56631
0.26631
0.26631
0.26078
-0.33927
-0.062
-0.16533
-0.04171
0.17104
0.47486
0.2746
-0.0255
-0.12576
4.0E-5
0.20004
0.10004
-0.19957
0.30728
0.31743
-0.48231
0.11859
0.51901
-0.36601
0.04131
0.07458
0.37576
0.16588
0.08807
0.38279
0.47181
-0.32822
-0.13378
-0.03382
-0.25554
0.1448
0.46888
0.28178
-0.21469
0.08497
0.28485
-0.31541
4.0E-5
-0.09996
0.40006
-0.39964
-0.07277
-0.46251
0.41823
0.21855
-0.28123
0.53406
0.54184
0.46019
0.06801
-0.3324
0.28979
0.19279
-0.30995
-0.01043
-0.0224
-0.13399
-0.23727
0.06329
0.06887
-0.11871
0.48477
-0.21531
0.56078
0.36055
0.10004
-0.19996
-0.29995
4.2E-4
-0.46911
-0.0589
-0.34559
0.25466
-0.24461
0.47043
-0.12096
0.29779
0.30495
0.30482
0.30971
-0.28467
-0.18518
-0.38578
-0.30228
0.4836
-0.31534
-0.21523
0.28646
0.09884
0.27956
-0.12052
0.17881
0.37812
-0.09998
-0.39998
0.20005
-0.29958
0.03127
-0.15854
-0.23616
0.46398
-0.43619
-0.2269
0.38006
0.49926
-0.29582
0.30418
0.5042
0.10975
0.40974
0.60919
-0.405
-0.01934
-0.3192
-0.0192
-0.33352
-0.42142
-0.12672
0.07314
-0.32726
-0.3275
-0.49999
-0.49999
-0.39995
-0.3996
0.42359
0.53373
0.05286
0.15102
-0.14493
0.0615
-0.2294
-0.02889
-0.22891
-0.12865
-0.22861
0.17094
-0.13525
-0.0354
0.34365
-0.26438
0.23907
0.03887
0.12405
-0.46388
0.14012
-0.25996
0.04
0.44
0.50001
0.30001
0.50003
0.50043
-0.09875
-0.08679
-0.46874
0.52984
0.33664
0.17244
0.38625
-0.41343
0.67079
-0.08404
0.41602
0.39864
0.47009
-0.1299
-0.39309
-0.28238
0.31745
-0.48286
-0.18292
0.52651
0.32896
0.52904
0.12904
-0.17096
-0.09999
-0.29999
2.0E-5
-0.49964
-0.09902
0.301
-0.49747
-0.29691
0.00301
-0.17379
0.1357
-0.16432
0.41425
0.16655
0.26657
-0.23947
0.55201
0.05203
-0.26906
-0.31929
0.4807
0.57012
0.10015
0.50003
-0.09935
0.30086
0.50086
0.40086
0.40001
-0.09999
-0.09999
3.5E-4
0.40096
0.20098
0.30249
0.30308
-0.197
0.32524
0.5357
-0.36431
0.41227
0.16772
-0.13227
0.56667
0.16475
0.06477
0.65596
-0.06783
-0.36783
0.30842
0.10016
0.10002
-0.29935
0.20086
0.10086
0.50086
0.30001
0.20001
-0.29999
-0.29965
0.50096
0.30099
-0.0976
-0.19698
0.00301
0.02525
-0.16428
-0.16428
0.21229
0.56774
-0.03226
0.36662
0.46478
-0.13522
-0.1447
-0.16791
0.33216
0.30712
0.20018
-0.49986
0.30066
-0.09913
0.20087
8.7E-4
-0.29999
-0.29999
-0.49994
0.10044
0.40096
9.6E-4
-0.39759
-0.39699
0.10301
0.42525
-0.06428
0.13572
0.61229
0.46774
0.26774
-0.03332
-0.23522
-0.03522
0.05596
-0.26791
0.33216
0.00841
0.30015
0.20014
-0.09934
-0.49913
-0.29913
0.40087
1.0E-5
0.10001
-0.49993
0.50046
-0.49904
0.10096
0.40244
0.103
0.003
-0.17378
-0.06428
-0.26428
-0.38568
0.56662
-0.33338
0.36058
0.35235
0.35235
0.03127
-0.21807
0.48201
-0.32855
-0.29985
0.30014
0.50062
0.20083
-0.09913
-0.29913
0.30001
-0.29999
0.20007
0.20046
0.10095
0.20095
0.40251
-0.09702
-0.09702
-0.17282
-0.46429
0.53572
0.41997
-0.23522
0.26478
-0.34895
-0.06793
-0.26794
0.0898
-0.29996
0.30012
-0.49985
-0.49985
0.20014
0.30003
0.10041
0.40087
8.7E-4
