0.39974
-0.10026
-0.20026
-0.30026
-0.10273
-0.52735
0.27012
-0.52988
-0.02989
-0.12693
-0.2239
-0.35808
0.34189
0.23343
-0.38806
0.41026
-0.29592
-0.49586
0.40421
0.02482
0.15368
0.05738
-0.24054
0.06461
-0.12777
0.36991
-0.32996
-0.02996
0.39974
0.39974
-0.40026
-2.6E-4
-0.50273
0.17265
0.15659
0.15091
-0.54808
0.15117
-0.15001
-0.46746
-0.37945
-0.38663
-0.38875
-0.08974
0.40407
-0.19589
-0.59585
0.31646
0.33509
-0.06633
0.0334
0.13821
0.06183
-0.33225
0.47004
-0.42996
-0.30026
0.19974
0.39974
0.39974
-0.30273
0.37265
-0.548
0.14188
0.03859
-0.36584
0.33378
-0.56977
0.01797
-0.1897
-0.19489
-0.59527
0.10409
-0.39591
0.30411
0.21102
0.22426
-0.07935
0.11967
0.32971
0.26055
-0.234
-0.42996
-0.32996
-0.30026
-0.40026
0.49974
0.39974
0.47734
-0.34421
0.1541
-0.15097
-0.45757
-0.55717
-0.45686
0.24125
0.32922
0.33099
0.124
0.1141
0.11911
-0.57887
-0.16325
-0.1681
0.12587
-0.16535
0.22843
0.4327
0.23848
0.34558
-0.52149
0.17853
0.49974
-0.50026
0.29974
-2.6E-4
0.47893
-0.13444
0.26183
-0.23851
0.0583
0.05893
-0.33929
0.36075
0.452
-0.24911
0.17319
-0.54832
-0.54472
0.06539
-0.23202
0.34872
-0.06591
0.04244
0.2404
-0.05593
-0.45066
-0.44323
0.48918
-0.0097
-0.50026
-0.20026
-0.41072
-0.41124
-0.32368
0.06672
-0.13794
-0.23756
-0.53522
0.07259
0.16736
0.46713
0.06227
0.46847
-0.30645
-0.02213
-0.41959
0.38028
0.4814
0.05672
-0.45648
-0.45383
-0.15838
0.44545
0.45057
0.15641
-0.12074
-0.52045
-0.20026
0.09974
-0.32299
-0.52586
-0.32833
-0.23362
-0.33803
-0.03849
-0.23034
-0.11034
0.38364
0.06715
0.16384
0.0711
-0.20306
0.48039
-0.51963
0.38031
0.4801
-0.33242
-0.14102
-0.05668
0.04161
-0.05432
0.35159
-0.54454
0.46529
0.1653
0.49974
-0.40026
-0.12248
-0.02586
-0.02834
0.36655
0.46506
0.36347
-0.33095
0.18814
0.0724
-0.33214
-0.22497
-0.01357
-0.30305
-0.41983
0.08014
0.07713
0.18417
0.16901
-0.54037
-0.56428
0.43504
0.34679
-0.24545
0.05846
0.36539
0.06539
0.29974
0.39974
0.47777
-0.22586
-0.52835
0.46553
-0.12858
-0.32268
0.28725
-0.21643
0.16133
-0.23351
-0.11416
-0.30297
-0.40592
-0.32252
-0.02506
-0.52778
0.38725
0.27045
0.16155
-0.34546
0.45651
-0.43985
-0.5424
0.46222
-0.23459
0.46541
-0.30026
0.09974
0.27777
-0.02585
-0.02836
0.46522
-0.12422
-0.21237
-0.4157
0.28
0.16258
0.26869
-0.41641
-0.10483
-0.00779
-0.02893
0.46821
0.46791
0.08399
0.46901
0.15971
0.15334
-0.03502
-0.12065
-0.34075
-0.03665
0.36525
0.3653
-2.6E-4
0.49974
0.07801
-0.02587
0.37164
0.365
0.37482
-0.51869
-0.12358
-0.02988
0.16308
0.27077
0.08517
-0.40484
0.49212
0.46914
0.46657
0.36515
-0.41623
-0.42721
0.16265
0.25236
0.45823
0.06654
0.06039
-0.43663
-0.53487
0.46513
0.09974
-0.50026
-0.12199
0.37413
-0.32834
-0.13489
-0.02513
-0.51862
-0.43356
0.16391
-0.03401
-0.21572
-0.40707
0.29288
-0.4162
0.06691
0.16694
0.37045
0.48777
-0.32071
0.1758
0.35255
-0.44476
0.45977
0.15518
-0.23899
0.26513
-0.13487
-0.10028
-0.30028
-0.02199
0.17413
-0.32907
-0.24004
0.06894
-0.21847
0.36654
0.16614
-0.03076
-0.41182
-0.30746
-0.01766
0.07898
-0.03973
-0.43949
-0.33484
-0.41747
0.47906
-0.52344
-0.5452
0.45694
0.15755
-0.36522
-0.5505
0.46358
-0.23626
0.09972
0.19972
0.4773
-0.03055
0.36474
-0.14122
0.36938
0.06965
0.4653
-0.53337
-0.33024
0.07864
-0.02492
-0.42787
-0.53089
0.25244
-0.04391
-0.44622
-0.5279
-0.03466
0.46059
0.05527
-0.04196
-0.24064
-0.06281
-0.34201
0.05798
-0.44202
0.19972
-0.20028
0.37728
0.0697
0.36472
0.45849
0.16861
0.25598
-0.34591
0.2567
-0.14298
-0.03474
-0.33482
0.16531
-0.03173
-0.04797
-0.44794
-0.4522
0.16719
-0.33099
-0.03307
-0.53817
-0.24073
0.15396
0.13018
0.05104
-0.24896
0.05104
-0.20028
-0.30028
0.37728
0.4697
-0.23528
0.25849
0.16873
-0.14334
0.05437
0.45616
-0.24349
0.466
-0.43357
-0.5346
-0.43167
0.24941
-0.55089
0.1479
0.06721
-0.53093
0.36767
0.26304
-0.03825
0.05499
-0.06973
0.23389
-0.46106
-0.54903
0.29972
-0.40028
0.07728
-0.5305
-0.33528
-0.35042
0.25384
-0.2427
-0.44534
0.05454
0.27417
-0.0318
-0.12889
-0.12777
-0.53159
0.4526
0.15744
0.35746
-0.32334
0.47866
0.17556
-0.12132
-0.4347
-0.34421
-0.46962
-0.36728
0.43903
-0.04912
-0.20027
0.09973
-0.22237
0.27099
-0.53208
-0.54867
0.14514
-0.24333
-0.14189
-0.44192
0.07697
-0.0166
-0.41697
-0.01829
0.37868
0.36065
-0.13765
-0.03445
-0.11353
-0.31496
0.38279
-0.52079
-0.33241
0.16267
-0.46293
0.13656
0.14794
-0.54107
-0.50026
-0.30026
0.37803
-0.42947
0.36469
0.34951
-0.05396
0.15815
-0.03465
-0.52787
-0.12936
-0.42512
0.27415
-0.52799
0.46898
0.15202
0.45253
-0.54515
-0.4229
0.18115
0.18135
-0.32131
-0.21981
-0.12804
-0.36607
-0.16664
-0.55866
-0.14957
-0.20026
-0.10026
0.27803
0.17053
-0.44689
0.1411
0.24058
0.44723
0.26721
0.26977
-0.23284
-0.42811
-0.12845
0.06906
0.16614
-0.34891
0.05221
-0.34718
0.07518
0.37912
-0.0202
-0.4214
-0.13044
-0.4355
-0.56611
-0.16638
-0.36263
0.23989
0.39974
-0.10026
0.07777
0.07062
-0.35207
-0.0627
-0.46577
-0.16488
0.05322
0.07278
-0.43235
0.27144
0.07218
-0.3306
-0.13356
-0.34532
-0.04246
0.05901
0.37912
0.2794
0.18105
0.46536
-0.24433
-0.44463
-0.06464
-0.36329
-0.16291
0.33709
0.29974
0.09974
-0.32273
-0.52938
0.05434
0.04726
-0.23854
-0.13728
-0.52256
-0.21468
-0.02069
-0.51646
-0.438
-0.05503
-0.15796
-0.25875
-0.0484
-0.34841
-0.42752
-0.41528
-0.41315
0.17447
-0.03937
-0.24713
0.04456
0.44361
0.44384
0.44384
-0.20026
-0.10026
0.28952
0.28549
0.07013
0.46549
-0.21535
-0.41447
-0.11379
0.28404
-0.21742
-0.20259
-0.21835
0.0733
0.27037
-0.22738
0.26884
0.06996
0.37513
-0.02723
-0.42956
-0.13375
-0.22933
0.26946
0.16315
-0.43668
0.07657
0.3767
0.49974
0.39974
-2.6E-4
-0.50379
-0.427
0.16545
0.18367
0.48398
0.1817
-0.32546
-0.02552
0.28394
0.47141
0.0653
-0.4363
0.15718
0.24862
-0.04645
-0.33329
-0.54412
-0.04793
0.4539
0.46875
-0.2319
-0.43814
0.16329
-0.21253
0.18753
0.09974
-0.30026
0.19974
-0.10379
-0.32778
-0.43542
-0.31954
-0.21817
-0.31894
0.1739
-0.2295
-0.03156
0.1556
-0.55335
0.34665
0.04114
0.13277
-0.5651
0.23808
0.14557
-0.15446
-0.05044
0.46668
0.26669
-0.43958
0.26118
0.18847
-0.01153
-0.50026
-0.30026
-0.50026
-0.50382
-0.20888
-0.10972
0.08931
0.18481
-0.21451
0.47338
0.36844
0.36807
0.0556
0.34665
-0.45321
-0.25602
0.1349
-0.5651
-0.56213
-0.05443
0.34555
-0.05054
0.36685
-0.32832
0.38821
0.08835
0.38847
-0.11153
0.19974
-0.10026
-0.10026
-0.5038
-0.00878
0.09033
-0.40595
-0.20812
0.09381
0.08371
-0.32316
0.26956
0.2539
0.34136
0.04142
-0.05678
-0.46109
-0.46107
0.44314
-0.14061
0.26372
0.36508
0.17465
0.37831
-0.40979
-0.01131
0.48847
-0.01153
-2.6E-4
-2.6E-4
-0.50026
0.19624
0.19138
-0.50959
0.40684
-0.1894
0.4114
0.20168
0.49802
-0.02759
-0.44898
0.33275
-0.16737
-0.06067
0.44545
0.3455
-0.24743
0.08152
-0.50532
0.39716
-0.30301
-0.50306
0.49697
-0.3069
0.28847
0.18847
