0.49943
0.49943
-0.10149
0.39838
0.39102
-0.04448
0.44505
0.44506
-0.35494
-0.54535
-0.03537
0.244
-0.156
0.34658
-0.46228
0.13836
-0.45884
0.1411
0.041
-0.55657
0.45021
0.04936
-0.55376
0.44377
0.35525
-0.15507
-0.5513
0.2487
-0.40057
-0.10057
-0.30149
-0.20162
0.49102
-0.24436
-0.35483
0.44526
-0.15475
-0.04579
-0.13614
-0.4568
0.13844
-0.0619
0.23747
-0.36164
0.44116
-0.15887
0.14109
-0.55594
0.05006
0.14868
0.44547
0.42997
0.43728
-0.45507
-0.0513
0.3487
0.39943
-0.30057
-0.40145
0.49844
0.29112
0.15567
0.34519
0.14489
0.14455
0.34496
-0.25413
0.14599
-0.15838
-0.56181
-0.1594
0.04082
-0.55884
0.14116
-0.55884
0.44449
-0.1499
0.14053
-0.07141
0.02419
-0.06352
-0.25508
0.2487
0.2487
0.29961
-3.9E-4
-0.30115
0.39876
0.19138
-0.03508
-0.34135
0.45825
-0.54051
-0.13871
0.16387
0.46501
-0.43913
-0.02978
0.16745
0.45332
-0.3486
0.15473
-0.32748
0.47693
-0.32732
-0.33039
-0.06072
-0.1665
0.04588
-0.24556
-0.24302
0.25698
-0.2002
0.0998
0.49938
0.49941
0.29185
-0.52078
0.17536
0.47522
0.27626
0.07919
-0.51923
0.17626
-0.02365
0.38294
0.40154
-0.02102
0.0769
-0.21654
0.09394
0.09615
0.37104
0.26084
-0.15035
-0.25504
-0.34284
-0.23438
0.07257
0.47722
0.0998
-0.1002
-1.7E-4
0.29985
-0.40784
0.48064
-0.0214
0.37899
0.37933
-0.21003
-0.21613
-0.52399
0.07509
-0.11637
0.20112
-0.11694
-0.11774
-0.41505
0.48849
-0.21518
-0.2364
0.05226
0.24825
-0.25494
-0.4428
-0.13427
0.27834
-0.12156
0.1998
-0.5002
-0.40021
-0.20013
-0.10782
-0.41937
-0.12103
-0.01987
-0.52005
-0.10994
-0.21577
-0.324
0.37409
-0.11744
-0.50033
0.38192
-0.41789
-0.11524
-0.51634
0.3709
0.25759
0.34591
-0.25235
0.24517
0.46144
-0.02855
0.18043
0.08043
-0.1002
0.1998
-0.50021
0.29986
-0.30641
-0.31773
0.27951
-0.01967
-0.51974
-0.3095
-0.32006
-0.12502
-0.31796
-0.40351
0.39967
-0.21809
-0.41792
0.07583
0.08109
-0.13165
0.46212
-0.44968
0.45051
0.14775
-0.13155
-0.32296
0.08043
0.48043
0.2998
-0.2002
0.29979
-0.50014
-0.30531
0.38402
-0.22031
-0.32034
-0.5206
-0.11052
0.47127
0.27014
0.29149
-0.20312
-0.4032
-0.32093
0.17076
0.46313
0.47505
0.06637
-0.4264
0.06132
-0.23667
0.15068
-0.23396
-0.32072
-0.21957
-0.11957
-0.1002
0.3998
-0.50021
-1.4E-4
-0.20515
-0.51595
0.47871
-0.22239
-0.52068
-0.32196
-0.03262
-0.53408
0.28942
0.29507
-0.30496
-0.53298
0.05807
0.35973
-0.52701
0.46914
0.37306
-0.13865
0.06192
0.45198
-0.53225
0.28057
0.18043
0.48043
-0.3002
0.4998
-0.29733
-0.3968
0.29506
-0.11622
-0.42046
-0.2194
0.06773
0.0638
-0.23276
0.26749
0.3902
-0.50494
-0.50517
-0.1343
0.35789
0.45293
0.47502
0.18357
-0.32861
0.45782
-0.33938
-0.54925
-0.52791
-0.41949
-0.31957
-0.21957
0.0998
0.3998
-0.2973
-0.2968
0.09224
0.28113
0.37829
0.47974
-0.33915
0.4559
-0.03445
-0.02568
0.49475
-0.10546
-0.22505
-0.1428
-0.54247
0.2681
0.38704
-0.0127
0.27827
0.25941
0.06014
-0.55039
0.36678
0.07673
-0.11957
-0.01957
-0.49685
0.30315
-0.09706
0.20296
0.29321
0.0836
-0.11573
-0.01792
-0.13609
-0.54101
-0.43114
-0.32098
-0.01411
-0.4254
0.37437
-0.55392
0.04733
-0.33335
-0.51499
0.38979
0.08182
-0.331
-0.13392
-0.15074
-0.04237
0.17222
-0.32335
0.17665
0.00315
-0.09685
0.40078
0.30264
-0.004
-0.51615
-0.41664
-0.5298
0.25986
0.05997
-0.4303
0.28949
-0.12191
-0.33049
-0.53054
0.34781
0.06008
-0.5396
0.47895
-0.51811
-0.02347
0.47277
-0.33269
-0.2488
0.45862
0.0758
-0.0242
-0.0242
0.50315
0.20315
0.00413
0.50586
-6.4E-4
0.48758
-0.0123
0.06121
0.25666
0.45658
-0.34262
-0.22301
0.47671
-0.33358
-0.31478
0.06682
-0.3324
-0.3349
0.38591
-0.20678
-0.01658
0.17522
0.27216
0.05826
0.26575
0.28294
0.38294
0.18294
-0.39685
-0.39685
0.30413
0.40586
-6.5E-4
-0.3123
-0.41217
-0.33702
-0.1424
-0.4442
0.45596
0.44793
-0.45754
-0.16833
-0.04938
-0.06881
-0.26841
0.13088
-0.04853
0.25935
-0.5498
0.44192
0.33838
0.32315
0.43063
0.03956
-0.05811
-0.15223
-0.09685
-0.19685
0.50413
0.40595
-0.50068
0.08331
0.18045
-0.13566
0.35834
-0.35339
0.3591
0.41906
0.31809
-0.38142
-0.58164
0.21271
0.22502
0.12513
-0.5548
0.15391
0.24462
0.43978
-0.07048
-0.58791
-0.38042
0.42798
-0.2691
-0.36331
0.30163
0.20163
0.40212
0.00342
-0.1073
-0.42364
0.35991
-0.54416
-0.04512
-0.25668
0.25482
-0.07071
0.01955
0.41655
-0.58304
0.19817
0.30307
-0.08501
0.3406
-0.24316
0.14541
0.43544
0.32518
-0.19505
-0.28556
0.02425
-0.26744
0.33804
0.49987
0.49987
-0.50015
-0.50879
-0.42809
-0.14274
-0.15227
0.3472
0.0507
-0.55991
-0.06858
-0.59719
0.39268
-0.40957
-0.50943
0.27242
0.37458
-0.41209
-0.1807
0.34001
-0.06134
0.13424
0.031
-0.59042
-0.39226
-0.59111
-0.08712
-0.57189
-0.50013
0.39987
0.19986
-0.50877
0.46297
0.24881
0.2464
-0.45373
-0.24912
-0.56029
-0.47136
0.20462
-0.40104
-0.10355
0.09678
-0.1149
0.28969
-0.10564
-0.47497
0.14562
0.34649
0.24532
-0.15564
-0.17296
-0.28459
-0.18457
0.31753
-0.57647
-0.40016
-1.6E-4
-1.7E-4
-0.30859
-0.23842
-0.55187
-0.45157
-0.34938
0.06068
-0.44893
0.23574
-0.3661
-0.2658
-0.26826
-0.06782
-0.0678
0.23963
-0.3565
0.06895
-0.51714
0.38331
0.38226
-0.11864
-0.13595
0.45076
-0.34894
-0.04894
0.05106
0.1998
-0.5002
-0.30021
0.39138
0.3738
0.05895
-0.5379
0.46204
-0.2281
-0.05078
0.43739
-0.26414
-0.08207
-0.2933
-0.09313
-0.1843
-0.16759
-0.06499
-0.13798
0.08909
-0.01023
0.48964
0.08722
-0.3288
0.26149
-0.24107
0.35893
-0.24107
-0.10014
0.19986
0.39983
0.29131
0.37917
-0.12078
0.39494
0.29375
-0.00617
-0.21385
-0.2166
0.28165
-0.33697
0.24979
0.14969
-0.54752
0.15765
0.05934
-0.53406
-0.12045
-0.52028
-0.41741
0.40007
0.29994
-0.51563
-0.42081
0.47915
0.17915
0.09988
-0.30012
0.09984
-0.30865
-0.32085
-0.02076
-0.50496
-0.00626
0.39339
-0.21399
0.38316
-0.21903
0.4612
0.34719
0.24717
-0.34982
0.45418
-0.14356
-0.14072
0.46664
-0.53323
-0.52702
-0.30005
-0.30024
-0.41576
0.17905
-0.12102
0.17898
0.19988
-1.2E-4
0.49987
0.39139
-0.42081
0.17931
-0.40485
-0.00628
0.29331
0.48588
-0.31693
-0.01904
0.06114
-0.55282
-0.15282
-0.04954
-0.14566
-0.14347
-0.14048
-0.23332
-0.03332
-0.227
-0.30021
-3.9E-4
0.3841
0.27891
-0.02116
0.27884
-0.30012
-0.40012
-0.30013
-0.00861
0.17919
0.07929
0.49469
0.09306
-0.20681
-0.01542
0.28096
0.28056
-0.0388
0.14816
0.24788
-0.14746
-0.14347
0.25653
0.45932
0.46668
-0.03332
-0.32746
0.39969
-4.2E-4
0.28406
0.17887
-0.02116
0.37884
0.19986
-0.50014
-1.5E-4
0.09138
-0.42075
0.27934
-0.50544
-0.20717
0.49311
0.28405
0.38042
-0.21955
-0.43812
0.25053
-0.14972
0.25538
0.16036
-0.23967
0.06592
0.17925
-0.32075
-0.51816
0.29967
-0.50043
0.28504
0.47967
-0.12116
-0.52116
-0.5002
0.3998
0.39979
-0.30863
-0.22066
-0.52056
0.09447
0.49273
-0.30699
-0.11627
0.28038
0.18045
-0.13779
-0.5456
0.35415
-0.03924
-0.33339
-0.13345
-0.02281
-0.50026
-0.40026
0.09973
-0.2004
-0.40048
-0.50048
-0.00979
-0.42116
-0.12116
