0.3
0.3
-0.2
-0.4
0.09887
0.37698
-0.26839
0.43161
-0.16839
0.23299
0.13443
0.42943
0.42943
-0.27335
-0.51281
0.18633
0.27897
-0.22102
-0.32102
-0.01611
-0.18028
-0.2786
-0.177
-0.47143
-0.26777
-0.36839
-0.13977
0.16023
-0.1
0.3
-0.2
-0.4
0.29887
-0.32302
-0.56839
0.43161
-0.36839
0.33071
0.23134
0.02571
0.39522
0.08866
-0.21366
0.08633
0.27897
0.27898
-0.22102
0.38474
0.11841
-0.58162
0.41994
0.02361
0.22883
-0.26921
-0.13977
0.26023
-0.4
-0.4
0.2
0.2
-0.50113
-0.42302
-0.16839
-0.37029
-0.3913
-0.49298
0.30689
0.40637
0.19475
0.28632
-0.41992
-0.02022
-0.52103
0.07898
0.07898
0.38542
0.01828
0.41698
0.11731
0.02263
0.12585
0.12803
-0.43977
-0.13977
-0.5
0.0
-0.3
0.1
-0.50113
0.18109
-0.27027
0.22824
0.02353
-0.27774
0.34928
-0.45013
-0.3767
-0.48258
0.41473
0.21368
-0.48073
-0.58056
-0.576
0.22092
-0.04329
-0.3332
0.44222
0.13828
-0.05868
0.14339
-0.13784
0.16216
0.5
-0.1
-0.4
0.1
-0.00113
-0.20431
0.34373
0.14298
-0.45749
0.24182
-0.40875
0.08287
-0.13715
0.46185
0.46988
0.1605
-0.03396
-0.42627
-0.13684
-0.5447
0.35573
0.16135
0.25524
-0.04389
-0.54095
-0.0389
-0.01926
-0.30504
-0.4
-0.3
0.3
0.4
-0.50113
-0.10438
-0.2434
0.35614
-0.14821
-0.4464
-0.31164
-0.3242
0.37112
-0.02683
-0.42558
-0.02949
-0.42649
0.47373
-0.2371
-0.14649
-0.34717
-0.14793
-0.04847
-0.04388
-0.34094
-0.53889
-0.10595
-0.00595
-0.1
0.5
-0.4
-0.3
-0.50113
0.1954
0.26509
0.265
0.06482
-0.33214
0.28913
-0.02605
-0.32927
0.17299
-0.42234
0.47351
-0.22649
0.07373
-0.25043
0.43348
0.44505
-0.25725
-0.14778
0.05731
-0.02814
-0.22182
0.09405
-0.00595
0.4
-0.4
-0.2
0.3
-0.50101
-0.10451
0.36478
-0.03515
-0.43519
-0.33435
-0.11934
-0.12742
-0.22207
-0.3136
0.07766
0.27292
0.07292
-0.42813
-0.24823
0.12365
0.33821
0.03574
-0.15453
0.15877
-0.10751
-0.40603
-0.00595
0.49405
0.1
-0.4
-0.3
0.0
0.29907
-0.20427
0.36479
0.26476
0.26472
0.46117
-0.04173
-0.33977
0.47149
-0.018
-0.54064
-0.54513
-0.14637
0.45245
0.24332
-0.48949
0.43975
-0.46293
-0.35214
-0.24119
0.2786
-0.50651
-0.20595
-0.50595
0.2
0.3
-0.5
0.4
-0.20091
-0.10427
-0.23529
-0.33541
-0.53909
-0.14174
0.14373
0.44851
-0.34057
-0.32955
-0.15189
0.14247
-0.25886
0.14136
-0.57226
-0.40027
-0.16025
-0.26292
0.23499
0.25231
-0.52179
0.09314
0.09364
-0.10629
-0.5
0.2
0.20024
0.30028
0.09911
-0.20435
0.46472
-0.34276
-0.24547
0.05067
0.34414
0.25121
-0.03904
0.07018
0.04782
-0.058
-0.55918
-0.29124
0.1136
0.102
-0.48498
0.20864
0.12694
0.1486
0.0917
0.09317
-0.20682
-0.30682
-0.3
0.5
-0.19976
-0.19972
-0.50113
-0.00659
-0.13475
-0.16967
-0.58188
-0.0807
-0.37927
0.13775
-0.35725
-0.05647
-0.18163
0.31423
-0.3855
-0.1153
0.1903
0.28467
0.30289
-0.5866
0.02666
-0.05166
0.36308
-0.03545
-0.30682
0.09318
-0.29972
0.50028
0.40026
0.20026
0.4989
-0.1138
0.28245
0.22523
-0.08741
0.11347
-0.48509
-0.46732
-0.56409
-0.07228
-0.29496
0.06814
-0.23175
0.27108
0.17562
-0.22293
-0.51448
-0.55665
-0.55703
0.14643
0.3463
0.15753
-0.43544
0.06456
-0.09972
2.8E-4
3.0E-5
-0.20466
-0.50846
-0.5154
-0.01758
-0.4844
-0.18691
0.1144
-0.18411
0.12087
0.1191
-0.18213
0.09553
-0.44031
-0.03863
-0.33841
0.366
0.36098
-0.40529
-0.52921
0.14377
-0.35278
-0.15349
-0.3355
0.06449
-0.13551
-0.09972
0.50028
0.40031
-0.00412
-0.30818
0.18489
0.08272
-0.19536
0.20355
0.10584
0.10602
0.21167
0.21167
-0.41952
-0.54068
-0.24482
-0.64482
0.35516
-0.23023
-0.00788
0.41446
-0.32901
-0.25828
0.43934
0.43926
0.35745
0.15744
0.35744
0.20028
0.50028
0.30031
0.19588
-0.20818
-0.01318
-0.21489
0.33927
0.33798
0.13513
-0.0657
-0.38412
0.21199
-0.11887
-0.04036
-0.44452
0.05548
0.2555
-0.03055
0.09244
0.21421
0.33688
-0.29387
0.00311
-0.5954
-0.09259
0.11282
-0.57582
-0.39972
0.10028
-0.49969
-0.20431
-0.00818
0.08031
0.17343
0.4668
-0.33496
0.41771
0.21721
-0.21957
-0.22645
0.34438
-0.37994
0.04334
-0.11936
0.08064
-0.20705
-0.58242
0.43696
0.2423
-0.40048
0.09148
0.39364
-0.60434
-0.09774
-0.38655
0.20015
-0.29985
-0.09983
-0.20313
-0.42949
-0.3397
-0.12724
0.26979
-0.23168
-0.27931
0.1144
0.06349
-0.64785
-0.65193
0.02508
-0.57198
0.04146
0.07058
0.3912
0.32621
-0.0787
-0.28204
0.40017
-0.1016
-0.29873
0.10024
0.33735
-0.25228
0.0
-0.4
-0.4
-0.0021
0.26625
-0.34266
-0.06518
-0.56754
0.13685
-0.00326
-0.02763
-0.38432
-0.19738
-0.4967
-0.00158
0.19416
-0.49968
0.02811
0.15594
1.2E-4
0.19562
-0.10555
-0.00588
-0.11051
0.40996
0.21026
-0.4844
0.02202
-0.4
-0.1
-0.3
0.2979
-0.44406
0.45029
-0.47581
-0.57663
0.0311
-0.12763
-0.35683
-0.09105
-0.39811
-0.19811
0.20319
-0.68256
-0.06943
0.33108
0.35567
4.9E-4
-0.6012
0.29868
0.21769
0.42127
-0.18327
0.11719
-0.18083
-0.37938
-0.2
-0.4
-0.3
-0.20205
-0.43953
-0.44398
-0.26262
-0.1623
0.13322
-0.63109
-0.16257
0.13753
-0.46235
0.23613
0.23796
0.3813
-0.09906
-0.19875
0.1262
0.2498
-0.35547
-0.25474
-0.03528
-0.23162
-0.44802
-0.44711
-0.24711
0.25289
-0.1
-0.3
-0.5
-0.10205
-0.41551
-0.21924
-0.36887
-0.07662
-0.59171
0.32374
0.2955
0.29534
-0.68496
-0.06914
-0.46831
-0.51168
-0.2519
-0.05173
0.27379
0.47372
-0.52635
0.07515
-0.52405
-0.02789
-0.23473
0.26468
-0.43532
0.16468
0.5
-0.4
0.5
-0.10205
0.095
0.495
0.46533
0.05667
-0.44333
-0.57564
0.41116
-0.48884
-0.1827
-0.0776
-0.47761
-0.16297
-0.53347
-0.43347
-0.12726
0.09652
-0.20346
-0.20302
-0.50001
0.3
-0.50375
0.09501
0.19501
-0.40499
0.4
-0.2
0.0
-0.50205
-0.005
0.095
0.46576
-0.34336
-0.14335
0.32572
0.11115
0.21115
-0.39215
0.00551
-0.3945
0.22105
0.44878
-0.05122
0.36108
-0.50571
-0.5057
-0.30465
0.09997
0.49998
-0.10377
-0.00501
0.19499
0.09499
-0.5
-0.3
-0.2
-0.30205
0.295
-0.30501
-0.43426
0.05664
0.15663
0.4257
-0.58887
-0.18887
-0.19217
0.20547
0.00547
-0.07809
-0.35123
0.34877
-0.53801
0.09429
0.39428
0.49536
0.29994
-0.50006
-0.3038
0.49496
-0.30504
-0.10504
-0.2
-0.4
0.3
-0.20206
-0.505
-0.50501
-0.33426
0.15664
-0.04337
0.2257
-0.18887
-0.08887
-0.09217
-0.39453
-0.29453
-0.37896
0.44877
-0.35123
0.46107
-0.30571
0.19428
0.49531
-0.50006
-0.30006
0.3962
-0.30504
0.49496
-0.00504
0.2
-0.3
0.1
-0.00206
0.395
-0.40501
0.46531
0.15664
-0.24337
0.22433
-0.38887
-0.38887
-0.38317
0.02193
-0.37807
0.33658
0.36607
-0.23393
-0.02773
0.19645
-0.50356
-0.20311
-0.30006
-0.10006
0.09645
0.19515
0.29496
0.49496
0.1
0.5
0.1
0.49794
-0.505
-0.00501
-0.43556
0.25664
-0.44337
0.32297
-0.08887
0.41113
0.4304
0.24879
-0.35121
-0.33211
-0.00573
-0.30573
-0.3039
0.39995
-0.40006
-0.50006
-0.40006
0.09994
-0.10005
0.2977
-0.10504
-0.20504
