0.29998
-2.0E-5
-8.0E-5
0.09992
-0.10008
-0.48836
0.31231
0.31231
0.21231
0.4123
-0.38769
0.43667
0.13663
-0.46185
0.38041
-0.41958
-0.2203
0.37968
0.1797
-0.23254
0.33683
0.33596
0.53612
-0.26338
0.22299
0.3123
-0.08794
-0.38794
-0.30002
-2.0E-5
0.39992
-0.10008
0.29992
0.31164
0.01231
0.51231
-0.08775
0.01337
-0.18618
-0.46183
0.46096
-0.42255
0.58041
0.48042
0.47972
-0.1203
-0.0203
-0.43465
0.03743
0.03744
0.43761
-0.46187
-0.37747
0.21231
0.21206
0.01206
0.19998
-2.0E-5
0.09992
-0.10008
-0.50008
0.01164
-0.08775
0.01323
0.31373
0.42426
-0.36517
-0.36177
-0.04068
-0.01958
0.57982
0.27981
-0.22028
-0.2203
0.3797
-0.33634
-0.46249
-0.36248
0.03768
0.33821
-0.37627
-0.0863
-0.08792
0.01206
0.3
0.0
0.39996
-0.10004
-0.40009
0.10636
0.20656
-0.29255
0.30812
-0.28142
-0.36757
-0.26785
-0.14995
-0.24237
0.55744
0.26701
0.0676
0.56761
0.45651
0.15058
0.05352
-0.26889
-0.36779
0.33308
-0.18128
-0.39125
-0.19295
0.00693
-0.4
0.1
0.3
-0.1
-0.2
0.10073
0.20116
0.10141
0.10162
-0.08817
0.12599
0.05091
0.15896
0.15312
0.19928
-0.37192
0.0295
0.51098
-0.06334
0.54173
0.55405
-0.37479
-0.07379
0.02732
-0.08712
0.50275
0.40169
-0.49887
0.2
0.2
0.2
-0.1
-0.4
0.10083
-0.29838
0.00161
-0.49839
0.00154
-0.37445
-0.44106
0.06589
0.35359
0.19964
0.01066
-0.18904
0.511
-0.46542
0.44178
-0.44578
0.52498
-0.27376
-0.17268
0.51286
-0.29725
-0.29834
0.00164
-0.2
-0.2
0.3
0.1
0.3
-0.09923
0.30163
0.20162
0.40162
0.30099
0.22471
0.05784
0.16582
0.35454
0.29993
0.31093
0.51096
0.31111
0.1356
-0.15749
0.05448
0.14818
-0.17421
0.22643
-0.08792
0.10214
0.00166
0.50164
0.2
0.0
-0.4
-0.1
-0.50001
0.40068
0.00162
-0.49839
0.00161
0.09969
-0.1559
-0.03879
-0.05059
-0.47727
0.19993
0.21093
0.31097
0.41114
-0.17856
0.23164
-0.44526
0.46715
0.24583
-0.47441
0.11121
0.50159
-0.09834
-0.09836
0.4
-0.4
0.4
-0.5
-0.40002
0.50066
0.40162
0.30162
-0.19836
-0.10057
0.46603
0.46608
-0.37387
0.39993
-0.30007
0.51093
-0.08903
-0.48886
0.30069
-0.38061
-0.04526
0.46715
-0.45627
0.32559
-0.38833
-0.29841
-0.39834
-0.39836
0.3
-0.1
-0.5
-0.4
-0.20002
0.20066
0.30162
-0.09836
-0.0987
-0.28809
0.26634
0.26654
0.52739
0.49993
-7.0E-5
0.11092
0.01097
-0.38883
8.6E-4
0.42103
0.25475
0.56708
-0.44973
0.12524
0.51168
-0.0984
0.40165
0.50164
0.1
0.0
0.19997
0.39997
0.49997
-0.29933
0.50164
0.10097
-0.28412
-0.05914
0.06633
-0.04103
-0.1764
0.29999
0.0
0.11097
0.51126
0.51247
-0.39857
0.41983
0.34547
-0.33309
0.46657
0.25902
0.51125
-0.39838
0.40164
0.50164
0.5
-0.3
-0.40003
0.29997
-0.4
-0.096
-0.195
0.54319
0.08489
0.50895
-0.09109
-0.43328
0.04236
0.24231
0.44233
0.5534
0.05353
-0.34526
0.24375
-0.45689
-0.04857
0.56689
-0.03332
0.0599
0.11123
0.10161
0.10164
0.20164
-0.50003
-0.50003
0.49997
-0.50003
0.40001
0.20646
-0.19218
-0.41108
0.42998
0.45472
0.35468
-0.08921
-0.31187
-0.29419
0.40684
-0.28101
0.41903
-0.18093
0.10723
0.2887
-0.20403
0.56592
-0.23387
0.16665
0.05343
0.41891
-0.39836
0.30164
0.39997
-0.50003
0.20001
0.39956
0.19931
0.10632
0.40781
0.03167
-0.15611
-0.24543
-0.04645
0.13029
0.13025
-0.26976
-0.26952
0.1426
-0.15736
-0.15731
0.63167
-0.26924
-0.16189
-0.03419
-0.23403
-0.03352
0.35338
-0.09836
0.00164
0.40164
-0.40003
-3.0E-5
0.19998
-0.30044
-0.10072
0.5063
0.10781
-0.35001
-0.34467
0.55382
-0.04722
0.22944
0.32962
0.23069
0.03076
0.34172
-0.35826
-0.25833
0.63029
0.32949
0.33739
0.1658
-0.43411
0.56594
-0.04733
-0.49908
0.20092
-0.29908
0.09997
-0.50003
-0.20002
-4.4E-4
0.29928
0.50296
-0.39612
-0.30028
-0.39402
0.60636
0.20555
-0.31535
-0.11515
0.18593
-0.11399
-0.20304
-0.40295
0.29697
-0.11446
0.18474
0.59358
0.07034
-0.1286
0.17187
-0.04242
0.34511
-0.06643
0.00531
0.49997
0.49997
-0.10002
-0.30047
-7.0E-4
0.0216
-0.26335
-0.03972
-0.13273
-0.23459
0.21211
-0.46632
0.23607
-0.46285
0.23729
-0.45575
0.23778
-0.26225
0.42637
0.02548
0.33747
-0.1703
0.46063
-0.42664
0.15901
-0.45096
-0.16545
0.00671
-0.20002
-0.10002
0.39998
-0.40032
-3.7E-4
0.22076
-0.34042
-0.23458
0.26762
0.46485
0.31362
0.41823
-0.28063
0.31833
-0.08164
0.42823
0.52642
0.42565
0.01323
-0.39454
-0.28191
-0.16907
-0.03925
0.57408
-0.34037
0.04926
0.33171
0.40556
-0.1
0.3
0.3
-0.38978
-0.28053
0.33662
-0.43394
0.36747
0.55126
-0.06673
0.43266
0.23892
-0.0599
0.53975
-0.26028
-0.24934
-0.0497
-0.05055
0.03562
0.0259
-0.47285
-0.4688
0.13134
0.55171
0.26955
-0.23192
0.05909
0.13544
0.1
-0.4
0.2
-0.28978
-0.05249
-0.44274
-0.43344
0.56661
0.14454
-0.1649
0.2391
0.34263
0.54334
0.14331
0.3431
-0.44666
0.3529
-0.44697
0.23932
0.42997
-0.17018
0.22982
-0.4701
0.33041
0.07201
0.57183
0.5691
0.56203
0.4
-0.1
0.1
0.20999
-0.24026
0.46654
0.46655
0.26653
0.24677
0.43484
0.43839
-0.16188
0.43804
-0.06131
0.23844
-0.15421
-0.45749
-0.05741
-0.36899
-0.07465
0.42487
-0.47548
-0.07522
0.2253
0.06711
-0.43348
-0.23348
0.0665
0.5
-0.4
-0.3
0.21
-0.44948
0.35475
0.54494
0.44638
0.53744
-0.46477
-0.45979
-0.35983
0.21871
-0.23805
0.26183
0.46086
0.34732
0.34734
-0.19923
0.51817
0.31778
-0.18295
0.31713
-0.26683
0.15179
-0.24529
0.35471
-0.34531
0.2
-0.5
-0.3
0.30998
0.42439
0.32439
0.5
-0.40002
-0.30007
0.50945
-0.48665
0.31335
0.48583
0.53418
0.13418
0.53192
0.42897
-0.27103
0.01168
-0.02629
-0.12628
-0.33593
0.40003
0.30002
0.51826
0.02435
0.32435
-0.27567
0.4
0.4
0.4
-0.09002
-0.37561
0.42439
0.5
0.29996
-0.40007
0.30906
-0.08664
0.01335
0.18339
0.33417
-0.06583
-0.06582
0.23421
0.13421
-0.06942
0.1208
0.3208
-0.40092
-0.49997
0.30002
-0.18174
-0.37565
-0.27566
0.42432
0.3
-0.5
-0.5
0.40998
-0.37561
-0.37561
-0.10006
-0.10007
-7.0E-5
0.40906
0.41336
-0.28664
0.1834
-0.06586
-0.36586
0.63416
-0.06581
0.53419
0.13029
0.62076
0.42078
-0.40216
-0.09998
0.10004
-0.38176
0.12433
0.22432
0.1243
0.2
0.4
-0.39998
-0.18999
-0.47561
-0.27561
0.19996
0.49993
0.39993
0.30906
0.41336
0.21336
0.2834
0.03414
0.43414
0.63416
-0.06581
0.63419
-0.26944
0.52076
0.22078
-0.40094
-0.09998
0.30004
0.31824
-0.07567
-0.07568
-0.2757
0.3
-0.1
0.50002
-0.28998
0.52439
0.32439
0.49996
-7.0E-5
-0.50007
-0.49054
-0.28664
-0.38664
0.48584
-0.16584
-0.16584
0.33189
-0.27092
0.32908
-0.28821
0.57486
-0.12511
0.06525
0.50002
-0.39997
-0.48298
-0.07664
-0.07568
0.2243
-0.2
-0.5
0.50002
-0.38998
-0.47561
-0.37561
-0.10004
0.49993
-7.0E-5
0.10987
0.11336
0.11336
-0.0081
0.03419
-0.06581
-0.27145
-0.27924
-0.07924
-0.01788
0.19998
1.0E-5
-0.19998
0.10002
-0.49998
-0.30001
-0.28906
-0.47568
0.2243
