-0.40543
0.19457
0.17197
-0.02704
0.39018
0.39303
-0.38811
0.11181
-0.18823
-0.27417
-0.1593
0.52036
0.3188
-0.12217
0.33681
-0.06248
-0.26768
0.33163
-0.27022
-0.56993
-0.01264
0.3104
0.01176
-0.18136
-0.36874
0.41176
0.51526
0.41526
-0.20543
0.19457
0.07197
0.07296
-0.50986
-0.30707
0.21225
0.01358
-0.28772
0.20132
0.10647
-0.11222
-0.34802
0.13947
-0.56323
0.43752
0.43082
-0.46946
-0.36967
-0.16872
0.37577
0.18127
-0.42038
0.46316
-0.21492
-0.39062
0.31526
0.11526
-0.30543
-0.20543
0.07193
0.1729
0.19008
-0.00708
-0.08751
-0.39139
0.26979
0.44929
-0.35268
0.04362
0.03756
0.13683
0.33231
0.33145
-0.46926
0.43074
0.33097
0.23205
0.26974
0.35591
0.14375
0.14558
0.38223
0.00811
-0.18592
-0.18474
-0.00282
0.49718
-0.4118
-0.01087
0.40717
0.01092
-0.00947
0.4676
0.44229
-0.44903
0.3672
-0.52143
-0.33365
0.04825
-0.55357
0.44172
-0.34233
-0.11403
-0.2169
-0.33952
-0.01733
0.27862
-0.141
-0.13379
0.28435
-0.50645
0.43294
0.43313
-0.09992
-0.19992
0.40369
0.20383
-0.19223
-0.11247
-0.46509
-0.26819
0.12616
-0.35084
0.51136
-0.40217
0.36924
0.25055
-0.55881
-0.16376
0.45445
-0.00611
0.37849
0.05409
-0.46267
0.02875
-0.22202
0.39077
-0.49647
-0.38954
0.14334
-0.06226
0.20008
-0.19992
4.1E-4
4.1E-4
0.09011
0.25811
0.12909
-0.37289
-0.17979
0.04304
0.17493
0.07473
-0.03245
0.04945
0.42618
-0.57958
-0.26633
-0.04185
0.14921
-0.37767
-0.54734
0.35311
0.48247
-0.30835
-0.29728
0.10941
-0.38699
0.11256
-0.39992
0.10008
-0.49918
-0.39801
0.49132
-0.42658
-0.33366
-0.13388
-0.13448
-0.32249
-0.12641
-0.5293
-0.53409
0.44869
-0.3715
-0.47741
-0.0662
-0.24135
0.35789
-0.45216
0.3032
0.48812
-0.01048
0.29128
0.29617
-0.19957
-0.32925
0.07212
0.4
0.2
0.10078
-0.39812
0.29122
-0.52626
-0.13218
-0.2327
0.36652
-0.22255
-0.52551
0.27197
0.37532
0.06239
0.22775
-0.47751
0.03375
0.44603
-0.24631
-0.24948
-0.2889
-0.10089
0.29906
-0.3063
0.0889
0.49656
-0.12853
0.47273
-0.2001
0.1999
0.1007
0.00178
-0.50912
-0.02594
-0.53174
0.26645
0.16508
-0.2306
0.46385
0.26431
-0.11637
0.15676
0.41823
0.01287
-0.08821
-0.27209
-0.52986
-0.2188
0.53468
0.51435
-0.08418
0.1973
-0.43356
-0.03675
0.27143
0.17273
-0.5001
0.0999
0.40062
0.40166
-0.30936
-0.42618
0.06778
0.36583
-0.0368
-0.2446
-0.44205
0.06103
-0.322
0.15031
0.2117
0.09117
0.18894
-0.17932
-0.41573
0.10856
0.53955
-0.18603
0.21107
0.19223
0.1338
-0.16329
0.27171
0.37271
-0.2001
-0.3001
-0.19938
-0.39838
0.39064
-0.32635
-0.33227
0.26098
0.2472
-0.35377
0.3594
0.16076
0.37736
0.45003
0.31163
0.18964
-0.6087
-0.15724
-0.50312
0.32543
-0.16623
0.10686
0.1998
0.47736
-0.56829
0.04067
-0.42731
0.27269
0.09991
0.09991
0.1007
0.00169
0.0906
0.17279
-0.23243
-0.26694
-0.48258
-0.08282
0.42935
-0.46885
0.34747
-0.08062
-0.64777
0.14835
-0.13881
0.33562
0.45681
0.37301
-0.00811
-0.09869
0.39803
0.07216
0.1371
-0.26461
-0.22731
-0.52731
0.10001
0.30001
-0.29921
0.50178
-0.309
0.06844
0.16782
-0.09246
0.19223
-0.10463
-0.29045
-0.08532
-0.28808
-0.12786
0.33604
-0.64832
-0.32372
-0.05647
0.1592
-0.0615
0.34985
-0.11291
-0.02952
0.34845
-0.06454
-0.56405
0.26666
0.36666
0.40019
-0.49981
0.40096
-0.10147
-0.01397
0.36701
0.06669
0.31061
0.29681
0.39715
0.31072
-0.5649
0.21312
-0.62787
-0.46377
0.16555
-0.47652
0.47891
-0.11666
0.446
-0.24055
-0.10734
-0.06185
-0.19273
-0.05334
0.05661
-0.04343
-0.54343
0.10019
0.50019
-0.09903
-0.20125
0.28598
-0.33314
-0.03341
0.38724
-0.12011
0.2777
-0.52135
-0.60054
-0.60399
-0.11652
-0.32536
0.07646
0.41672
-0.06195
0.13738
0.12783
0.35371
0.40014
-0.34158
-0.37059
0.04127
0.15126
0.05135
0.45135
0.30019
-0.19981
0.20097
-0.40125
0.18641
0.46827
-0.23164
0.32164
0.01374
-0.38897
-0.38703
0.03405
-0.56952
0.0226
-0.16822
-0.17204
-0.45056
0.37375
-0.12809
-0.34159
-0.0422
-0.03785
-0.05925
-0.46904
-0.4607
-0.35236
0.15055
0.25159
0.50019
-0.29981
0.40097
-0.40181
0.28524
-0.3324
0.26862
-0.25138
-0.45875
0.34113
-0.55101
-0.45373
-0.54597
0.16641
-0.45515
0.36694
0.28001
0.20244
-0.39904
0.48479
0.16193
0.43551
0.23833
-0.26874
0.43818
0.04611
-0.04947
0.45156
0.50005
5.0E-5
-0.19846
-0.40035
0.48255
-0.13919
-0.55471
-0.3585
-0.35495
-0.25611
-0.24625
0.08935
0.38573
-0.26064
0.02818
0.35543
0.46322
-0.42498
-0.31047
-0.41493
-0.33259
-0.14246
-0.24507
-0.5632
-0.55639
-0.15087
-0.5358
0.06507
0.50003
-0.09997
-0.09861
0.19282
0.36627
-0.45436
0.1065
0.30591
-0.49238
-0.49709
0.20173
-0.48135
0.43745
0.42978
-0.2744
0.22489
-0.16858
0.1393
-0.57549
0.32625
-0.06763
0.03079
-0.37536
0.00504
0.00883
0.30994
0.02237
-0.2626
-0.20007
-0.50007
0.50132
-0.50729
-0.13935
0.33985
-0.40115
0.39804
0.09794
-0.50233
-0.10918
-0.49737
-0.27608
0.32486
0.02181
0.10659
-0.08638
-0.05976
-0.27658
-0.5809
0.01876
-0.18023
-0.17919
-0.197
0.40057
-0.09889
0.00988
0.41694
-0.1001
-0.3001
-0.49859
0.09234
0.26219
0.44191
0.00631
-0.08973
0.21937
0.0152
-0.00124
0.30212
-0.47619
-0.27561
0.12038
-0.39375
-0.5736
-0.23113
0.34518
-0.37621
0.02373
-0.37405
-0.4709
-0.18919
-0.09636
-0.49387
0.10882
-0.18999
-0.2
0.4
-0.19859
-0.50757
0.37858
0.15907
0.30725
-0.29863
-0.58711
0.28106
-0.14033
-0.03751
-0.12477
-0.21516
0.08478
-0.08368
0.23535
-0.45075
0.23551
0.44765
-0.15475
-0.25128
-0.14837
-0.56043
0.23011
0.32638
0.32819
-0.47062
0.49997
0.19997
-0.19924
0.29139
0.17785
-0.22188
-0.43302
-0.34061
-0.45821
0.32684
-0.26377
0.45327
0.34359
-0.54686
-0.34446
-0.02404
-0.42085
0.46199
0.44293
-0.43457
-0.134
0.07041
-0.30032
0.19803
0.48187
-0.02325
0.1779
0.07902
-0.10004
-0.30004
-0.40002
-0.10948
-0.3239
0.17657
0.36409
-0.26306
-0.07004
-0.47654
0.14666
0.47183
-0.25415
0.05217
-0.04803
-0.45526
-0.26174
-0.08584
-0.48341
0.42676
-0.4712
0.33923
0.2834
-0.21938
-0.03394
0.26062
-0.43846
-0.53727
-4.0E-5
-0.30004
0.49996
0.4905
-0.4239
0.06124
0.43137
-0.37722
0.22615
0.3203
0.14416
-0.03014
-0.05602
0.42083
0.12083
-0.36979
0.42404
0.19739
0.1021
0.31344
-0.08654
0.12391
0.2678
0.26493
-0.3502
-0.15494
0.04629
-0.35252
-0.30004
0.49996
-0.30004
0.3905
0.47548
0.45904
0.33357
0.12728
0.45036
-0.53736
-0.13014
0.07463
-0.25648
0.11324
-0.21713
0.26883
-0.50261
0.09739
-0.39821
-0.48656
-0.08654
-0.27832
0.36697
-0.43411
0.0504
0.24385
-0.25371
0.34748
-0.50003
-0.50003
0.49997
-0.20949
0.37596
0.15931
-0.46524
0.23024
0.25729
0.06976
-0.02542
-0.42504
-0.14937
0.43013
0.39953
-0.52054
-0.3968
0.10289
0.31199
-0.26581
-0.46547
-0.1626
-0.13279
-0.33327
0.15218
0.34623
0.24629
0.34748
-0.5
0.2
-0.3
-0.50946
-0.52261
-0.03934
-0.26424
0.03092
0.45779
-0.13379
-0.2285
0.17323
-0.13948
0.45772
-0.5728
0.00382
-0.18731
-0.38806
-0.37076
0.06807
-0.3308
-0.13122
-0.43163
-0.432
-0.03269
-0.3429
-0.15371
-0.05252
