0.0
0.0
0.0
0.0
0.0
0.0
0.0
0.0
0.0
0.0
0.0
0.0
0.0
0.94
1.0
1.0
1.0
1.0
1.0
1.0
0.56
0.0
0.0
0.0
0.0
0.0
0.0
0.0
0.0
0.0
0.0
0.0
0.0
0.0
0.0
0.0
0.0
0.57
0.74
0.64
0.62
0.98
1.0
1.0
1.0
1.0
1.0
1.0
0.82
0.62
0.69
0.74
0.0
0.0
0.0
0.0
0.0
0.0
0.0
0.0
0.0
0.0
0.0
0.0
0.0
0.77
1.0
1.0
1.0
1.0
1.0
1.0
1.0
1.0
1.0
1.0
1.0
1.0
1.0
1.0
0.5
0.0
0.0
0.0
0.0
0.0
0.0
0.0
0.0
0.0
0.0
0.6
1.0
1.0
1.0
1.0
1.0
1.0
1.0
1.0
1.0
1.0
1.0
1.0
1.0
1.0
1.0
1.0
1.0
1.0
0.0
0.0
0.0
0.0
0.0
0.0
0.0
0.51
0.83
0.92
1.0
1.0
1.0
0.0
0.0
0.44
0.45
0.51
0.51
0.51
0.44
0.0
0.64
1.0
1.0
1.0
1.0
1.0
0.0
0.0
0.0
0.0
0.0
0.0
0.0
0.53
1.0
1.0
1.0
1.0
1.0
0.0
0.0
0.0
0.0
0.0
0.0
0.0
0.0
0.0
0.42
0.64
0.85
1.0
1.0
1.0
0.51
0.43
0.0
0.0
0.0
0.0
0.0
0.49
1.0
1.0
1.0
1.0
1.0
0.42
0.0
0.0
0.0
0.0
0.0
0.0
0.0
0.0
0.0
0.0
0.64
1.0
1.0
1.0
1.0
1.0
0.0
0.0
0.0
0.0
0.0
0.46
1.0
1.0
1.0
0.0
0.0
0.0
0.0
0.0
0.0
0.0
0.0
0.0
0.0
0.0
0.0
0.0
0.65
1.0
1.0
1.0
1.0
1.0
0.0
0.0
0.0
0.0
0.0
0.44
1.0
1.0
1.0
0.0
0.0
0.0
0.0
0.0
0.0
0.0
0.0
0.0
0.0
0.0
0.0
0.0
0.67
1.0
1.0
1.0
1.0
1.0
0.0
0.0
0.0
0.0
0.0
0.43
1.0
1.0
1.0
0.0
0.0
0.0
0.0
0.0
0.0
0.0
0.0
0.0
0.0
0.0
0.0
0.0
0.69
1.0
1.0
1.0
1.0
1.0
0.0
0.0
0.0
0.0
0.0
0.43
1.0
1.0
1.0
0.0
0.0
0.0
0.0
0.0
0.0
0.0
0.0
0.0
0.0
0.0
0.0
0.0
0.71
1.0
1.0
1.0
1.0
1.0
0.0
0.0
0.0
0.0
0.0
0.45
1.0
1.0
1.0
0.87
0.81
0.0
0.0
0.0
0.0
0.0
0.0
0.0
0.0
0.0
0.0
0.0
0.71
1.0
1.0
1.0
1.0
1.0
0.0
0.0
0.0
0.0
0.0
0.47
1.0
1.0
1.0
1.0
1.0
0.0
0.0
0.0
0.0
0.0
0.0
0.0
0.0
0.0
0.0
0.0
0.67
1.0
1.0
1.0
1.0
1.0
0.0
0.0
0.0
0.0
0.0
0.49
1.0
1.0
1.0
1.0
1.0
0.0
0.0
0.0
0.0
0.0
0.0
0.0
0.0
0.0
0.0
0.0
0.61
1.0
1.0
1.0
1.0
1.0
0.0
0.0
0.0
0.0
0.0
0.56
1.0
1.0
1.0
1.0
1.0
1.0
1.0
1.0
1.0
1.0
1.0
1.0
1.0
1.0
1.0
1.0
1.0
1.0
1.0
1.0
1.0
1.0
0.0
0.0
0.0
0.0
0.0
0.42
0.53
0.78
1.0
1.0
1.0
1.0
1.0
1.0
1.0
1.0
1.0
1.0
1.0
1.0
1.0
1.0
1.0
1.0
1.0
1.0
1.0
1.0
0.0
0.0
0.0
0.0
0.0
0.0
0.0
0.58
0.87
0.83
0.81
0.96
1.0
1.0
1.0
1.0
1.0
1.0
0.95
0.84
0.85
0.86
0.83
0.81
0.95
1.0
1.0
1.0
0.0
0.0
0.0
0.0
0.0
0.0
0.0
0.0
0.0
0.0
0.0
0.81
1.0
1.0
1.0
1.0
1.0
1.0
0.74
0.0
0.0
0.0
0.0
0.0
0.74
1.0
1.0
1.0
0.0
0.0
0.0
0.0
0.0
0.0
0.0
0.0
0.0
0.0
0.0
0.47
0.51
0.51
0.51
0.51
0.51
0.51
0.46
0.0
0.0
0.0
0.6
0.81
0.95
1.0
1.0
1.0
0.0
0.0
0.0
0.0
0.0
0.0
0.0
0.0
0.0
0.0
0.0
0.0
0.0
0.0
0.0
0.0
0.0
0.0
0.0
0.0
0.0
0.0
0.69
1.0
1.0
1.0
0.66
0.61
0.0
0.0
0.0
0.0
0.0
0.0
0.0
0.0
0.0
0.0
0.0
0.0
0.0
0.0
0.0
0.0
0.0
0.0
0.0
0.0
0.0
0.0
0.65
1.0
1.0
1.0
0.0
0.0
0.0
0.0
0.0
0.0
0.0
0.0
0.0
0.0
0.0
0.0
0.0
0.0
0.0
0.0
0.0
0.0
0.0
0.0
0.0
0.0
0.61
1.0
1.0
1.0
1.0
1.0
0.0
0.0
0.0
0.0
0.0
0.0
0.0
0.0
0.0
0.0
0.0
0.0
0.0
0.0
0.0
0.0
0.0
0.0
0.0
0.0
0.42
0.71
0.84
1.0
1.0
1.0
0.57
0.42
0.0
0.0
0.0
0.0
0.0
0.0
0.0
0.0
0.0
0.0
0.45
0.49
0.51
0.51
0.51
0.51
0.51
0.51
0.48
0.0
0.58
1.0
1.0
1.0
1.0
1.0
0.0
0.0
0.0
0.0
0.0
0.0
0.0
0.0
0.0
0.0
0.0
0.55
1.0
1.0
1.0
1.0
1.0
1.0
1.0
1.0
1.0
1.0
1.0
1.0
1.0
1.0
1.0
1.0
0.42
0.0
0.0
0.0
0.0
0.0
0.0
0.0
0.0
0.0
0.0
0.55
1.0
1.0
1.0
1.0
1.0
1.0
1.0
1.0
1.0
1.0
1.0
1.0
1.0
1.0
0.65
0.42
0.0
0.0
0.0
0.0
0.0
0.0
0.0
0.0
0.0
0.0
0.0
0.0
0.61
0.87
1.0
1.0
1.0
1.0
1.0
1.0
1.0
1.0
0.9
0.71
0.73
0.76
0.49
0.0
0.0
0.0
0.0
0.0
0.0
0.0
0.0
0.0
0.0
0.0
0.0
0.0
0.0
0.68
1.0
1.0
1.0
1.0
1.0
1.0
1.0
1.0
0.76
0.0
0.0
0.0
0.0
0.0
0.0
0.0
0.0
0.0
