0.0
0.0
0.0
0.0
0.0
0.0
0.0
0.0
0.0
0.0
0.0
0.0
0.0
0.0
0.0
1.0
1.0
1.0
1.0
1.0
1.0
1.0
1.0
1.0
0.0
0.0
0.0
0.0
0.0
0.0
0.0
0.0
0.0
0.0
0.0
0.0
0.0
0.0
0.0
0.82
0.95
0.94
0.95
1.0
1.0
1.0
1.0
1.0
1.0
1.0
1.0
1.0
0.95
0.93
0.0
0.0
0.0
0.0
0.0
0.0
0.0
0.0
0.0
0.0
0.0
0.69
0.89
0.98
1.0
1.0
1.0
1.0
1.0
1.0
1.0
1.0
1.0
1.0
1.0
1.0
1.0
1.0
0.0
0.0
0.0
0.0
0.0
0.0
0.0
0.0
0.0
0.0
0.0
0.69
1.0
1.0
1.0
1.0
0.96
0.0
0.42
0.53
0.53
0.53
0.53
0.53
0.53
0.53
0.46
0.44
0.0
0.0
0.0
0.0
0.0
0.0
0.0
0.0
0.0
0.47
0.7
0.9
1.0
1.0
1.0
0.53
0.48
0.0
0.0
0.0
0.0
0.0
0.0
0.0
0.0
0.0
0.0
0.0
0.0
0.0
0.0
0.0
0.0
0.0
0.0
0.0
0.0
0.57
1.0
1.0
1.0
0.56
0.44
0.0
0.0
0.0
0.0
0.0
0.0
0.0
0.0
0.0
0.0
0.0
0.0
0.0
0.0
0.0
0.0
0.0
0.0
0.0
0.0
0.41
0.56
0.8
1.0
1.0
1.0
0.0
0.0
0.0
0.0
0.0
0.0
0.0
0.0
0.0
0.0
0.0
0.0
0.0
0.0
0.0
0.0
0.0
0.0
0.0
0.0
0.0
0.0
0.55
1.0
1.0
1.0
1.0
1.0
0.0
0.0
0.0
0.0
0.67
0.67
0.67
0.67
0.67
0.67
0.67
0.4
0.0
0.0
0.0
0.0
0.0
0.0
0.0
0.0
0.0
0.0
0.51
1.0
1.0
1.0
1.0
1.0
0.64
0.55
0.55
0.58
1.0
1.0
1.0
1.0
1.0
1.0
1.0
0.64
0.4
0.53
0.58
0.0
0.0
0.0
0.0
0.0
0.0
0.0
0.49
1.0
1.0
1.0
1.0
1.0
1.0
1.0
1.0
1.0
1.0
1.0
1.0
1.0
1.0
1.0
1.0
1.0
1.0
1.0
1.0
0.49
0.4
0.0
0.0
0.0
0.0
0.0
0.49
1.0
1.0
1.0
1.0
1.0
1.0
1.0
0.84
0.84
0.86
0.86
0.86
0.86
0.85
0.82
0.79
0.92
1.0
1.0
1.0
1.0
1.0
0.0
0.0
0.0
0.0
0.0
0.49
1.0
1.0
1.0
1.0
1.0
0.91
0.89
0.0
0.0
0.0
0.0
0.0
0.0
0.0
0.0
0.0
0.56
0.85
0.96
1.0
1.0
1.0
0.0
0.0
0.0
0.0
0.0
0.49
1.0
1.0
1.0
1.0
1.0
0.41
0.0
0.0
0.0
0.0
0.0
0.0
0.0
0.0
0.0
0.0
0.0
0.0
0.74
1.0
1.0
1.0
0.0
0.0
0.0
0.0
0.0
0.49
1.0
1.0
1.0
1.0
1.0
0.0
0.0
0.0
0.0
0.0
0.0
0.0
0.0
0.0
0.0
0.0
0.0
0.0
0.75
1.0
1.0
1.0
0.0
0.0
0.0
0.0
0.0
0.49
1.0
1.0
1.0
1.0
1.0
0.0
0.0
0.0
0.0
0.0
0.0
0.0
0.0
0.0
0.0
0.0
0.0
0.0
0.75
1.0
1.0
1.0
0.0
0.0
0.0
0.0
0.0
0.53
1.0
1.0
1.0
1.0
1.0
0.0
0.0
0.0
0.0
0.0
0.0
0.0
0.0
0.0
0.0
0.0
0.0
0.0
0.75
1.0
1.0
1.0
0.0
0.0
0.0
0.0
0.0
0.0
0.0
0.62
1.0
1.0
1.0
0.0
0.0
0.0
0.0
0.0
0.0
0.0
0.0
0.0
0.0
0.0
0.62
0.85
0.96
1.0
1.0
1.0
0.0
0.0
0.0
0.0
0.0
0.0
0.0
0.57
1.0
1.0
1.0
0.82
0.78
0.0
0.0
0.0
0.0
0.0
0.0
0.0
0.0
0.0
0.64
1.0
1.0
1.0
1.0
1.0
0.0
0.0
0.0
0.0
0.0
0.0
0.0
0.64
1.0
1.0
1.0
1.0
1.0
0.75
0.74
0.81
0.81
0.81
0.8
0.79
0.75
0.7
0.88
1.0
1.0
1.0
0.49
0.4
0.0
0.0
0.0
0.0
0.0
0.0
0.0
0.41
0.47
0.82
1.0
1.0
1.0
1.0
1.0
1.0
1.0
1.0
1.0
1.0
1.0
1.0
1.0
1.0
0.61
0.47
0.0
0.0
0.0
0.0
0.0
0.0
0.0
0.0
0.0
0.0
0.0
0.53
0.65
0.52
0.49
0.96
1.0
1.0
1.0
1.0
1.0
1.0
0.76
0.49
0.58
0.65
0.0
0.0
0.0
0.0
0.0
0.0
0.0
0.0
0.0
0.0
0.0
0.0
0.0
0.0
0.0
0.0
0.0
0.68
0.72
0.72
0.72
0.72
0.72
0.72
0.48
0.0
0.0
0.0
0.0
0.0
0.0
0.0
0.0
0.0
0.0
0.0
0.0
0.0
0.0
0.0
0.0
0.0
0.0
0.0
0.0
0.0
0.0
0.0
0.0
0.0
0.0
0.0
0.0
0.0
0.0
0.0
0.0
0.0
0.0
0.0
0.0
0.0
0.0
0.0
0.0
0.0
0.0
0.0
0.0
0.0
0.0
0.0
0.0
0.0
0.0
0.0
0.0
0.0
0.0
0.0
0.0
0.0
0.0
0.0
0.0
0.0
0.0
0.0
0.0
0.0
0.0
0.0
0.0
0.0
0.0
0.0
0.0
0.0
0.0
0.0
0.0
0.0
0.0
0.0
0.0
0.0
0.0
0.0
0.0
0.0
0.0
0.0
0.0
0.0
0.0
0.0
0.0
0.0
0.0
0.0
0.0
0.0
0.0
0.0
0.0
0.0
0.0
0.0
0.0
0.0
0.0
0.0
0.0
0.0
0.0
0.0
0.0
0.0
0.0
0.0
0.0
0.0
0.0
0.0
0.0
0.0
0.0
0.0
0.0
0.0
0.0
0.0
0.0
0.0
0.0
0.0
0.0
0.0
0.0
0.0
0.0
0.0
0.0
0.0
0.0
0.0
0.0
0.0
0.0
0.0
0.0
0.0
0.0
0.0
0.0
0.0
0.0
0.0
0.0
0.0
0.0
0.0
0.0
0.0
0.0
0.0
0.0
0.0
0.0
0.0
0.0
0.0
0.0
0.0
0.0
0.0
0.0
0.0
0.0
0.0
