0.0
0.0
0.0
0.0
0.0
0.0
0.0
0.0
0.0
0.0
0.0
0.0
0.0
0.94
1.0
1.0
1.0
1.0
1.0
1.0
0.56
0.0
0.0
0.0
0.0
0.0
0.0
0.0
0.0
0.0
0.0
0.0
0.0
0.0
0.0
0.0
0.0
0.69
0.95
0.93
0.93
1.0
1.0
1.0
1.0
1.0
1.0
1.0
0.96
0.93
0.94
0.95
0.0
0.0
0.0
0.0
0.0
0.0
0.0
0.0
0.0
0.0
0.0
0.55
0.87
0.96
1.0
1.0
1.0
1.0
1.0
1.0
1.0
1.0
1.0
1.0
1.0
1.0
1.0
1.0
0.9
0.87
0.0
0.0
0.0
0.0
0.0
0.0
0.0
0.5
0.8
0.91
1.0
1.0
1.0
0.4
0.0
0.46
0.47
0.53
0.53
0.53
0.47
0.0
0.65
1.0
1.0
1.0
1.0
1.0
0.0
0.0
0.0
0.0
0.0
0.0
0.0
0.51
1.0
1.0
1.0
1.0
1.0
0.0
0.0
0.0
0.0
0.0
0.0
0.0
0.0
0.0
0.0
0.0
0.75
1.0
1.0
1.0
0.75
0.71
0.0
0.0
0.0
0.0
0.0
0.47
1.0
1.0
1.0
0.6
0.4
0.0
0.0
0.0
0.0
0.0
0.0
0.0
0.0
0.0
0.0
0.0
0.65
1.0
1.0
1.0
1.0
1.0
0.0
0.0
0.0
0.0
0.0
0.44
1.0
1.0
1.0
0.0
0.0
0.0
0.0
0.0
0.0
0.0
0.0
0.0
0.0
0.0
0.0
0.0
0.67
1.0
1.0
1.0
1.0
1.0
0.0
0.0
0.0
0.0
0.0
0.43
1.0
1.0
1.0
0.0
0.0
0.0
0.0
0.0
0.0
0.0
0.0
0.0
0.0
0.0
0.0
0.0
0.69
1.0
1.0
1.0
1.0
1.0
0.0
0.0
0.0
0.0
0.0
0.44
1.0
1.0
1.0
0.61
0.41
0.0
0.0
0.0
0.0
0.0
0.0
0.0
0.0
0.0
0.0
0.0
0.71
1.0
1.0
1.0
1.0
1.0
0.0
0.0
0.0
0.0
0.0
0.47
1.0
1.0
1.0
1.0
1.0
0.0
0.0
0.0
0.0
0.0
0.0
0.0
0.0
0.0
0.0
0.0
0.68
1.0
1.0
1.0
1.0
1.0
0.0
0.0
0.0
0.0
0.0
0.5
1.0
1.0
1.0
1.0
1.0
0.41
0.0
0.48
0.5
0.53
0.53
0.53
0.51
0.47
0.0
0.0
0.7
1.0
1.0
1.0
1.0
1.0
0.0
0.0
0.0
0.0
0.0
0.53
0.88
0.95
1.0
1.0
1.0
1.0
1.0
1.0
1.0
1.0
1.0
1.0
1.0
1.0
1.0
1.0
1.0
1.0
1.0
1.0
1.0
1.0
0.0
0.0
0.0
0.0
0.0
0.0
0.0
0.61
0.95
0.93
0.93
0.98
1.0
1.0
1.0
1.0
1.0
1.0
0.98
0.94
0.94
0.95
0.93
0.93
0.98
1.0
1.0
1.0
0.0
0.0
0.0
0.0
0.0
0.0
0.0
0.0
0.0
0.0
0.0
0.81
1.0
1.0
1.0
1.0
1.0
1.0
0.74
0.0
0.0
0.0
0.0
0.0
0.74
1.0
1.0
1.0
0.0
0.0
0.0
0.0
0.0
0.0
0.0
0.0
0.0
0.0
0.0
0.0
0.0
0.0
0.0
0.0
0.0
0.0
0.0
0.0
0.0
0.0
0.71
1.0
1.0
1.0
1.0
1.0
0.0
0.0
0.0
0.0
0.0
0.0
0.0
0.0
0.0
0.0
0.0
0.0
0.0
0.0
0.0
0.0
0.0
0.0
0.0
0.0
0.0
0.0
0.66
1.0
1.0
1.0
0.0
0.0
0.0
0.0
0.0
0.0
0.0
0.0
0.0
0.0
0.0
0.0
0.0
0.0
0.0
0.0
0.0
0.0
0.0
0.0
0.0
0.0
0.56
0.87
0.95
1.0
1.0
1.0
0.0
0.0
0.0
0.0
0.0
0.0
0.0
0.0
0.0
0.0
0.0
0.0
0.0
0.0
0.0
0.0
0.0
0.0
0.0
0.0
0.45
0.83
0.91
1.0
1.0
1.0
0.45
0.0
0.0
0.0
0.0
0.0
0.0
0.0
0.0
0.0
0.0
0.44
0.79
0.8
0.81
0.81
0.81
0.81
0.81
0.81
0.8
0.76
0.84
1.0
1.0
1.0
1.0
1.0
0.0
0.0
0.0
0.0
0.0
0.0
0.0
0.0
0.0
0.0
0.0
0.55
1.0
1.0
1.0
1.0
1.0
1.0
1.0
1.0
1.0
1.0
1.0
1.0
1.0
1.0
0.73
0.55
0.0
0.0
0.0
0.0
0.0
0.0
0.0
0.0
0.0
0.0
0.0
0.0
0.48
0.83
1.0
1.0
1.0
1.0
1.0
1.0
1.0
1.0
0.87
0.61
0.64
0.67
0.47
0.0
0.0
0.0
0.0
0.0
0.0
0.0
0.0
0.0
0.0
0.0
0.0
0.0
0.0
0.55
0.72
0.72
0.72
0.72
0.72
0.72
0.72
0.72
0.59
0.0
0.0
0.0
0.0
0.0
0.0
0.0
0.0
0.0
0.0
0.0
0.0
0.0
0.0
0.0
0.0
0.0
0.0
0.0
0.0
0.0
0.0
0.0
0.0
0.0
0.0
0.0
0.0
0.0
0.0
0.0
0.0
0.0
0.0
0.0
0.0
0.0
0.0
0.0
0.0
0.0
0.0
0.0
0.0
0.0
0.0
0.0
0.0
0.0
0.0
0.0
0.0
0.0
0.0
0.0
0.0
0.0
0.0
0.0
0.0
0.0
0.0
0.0
0.0
0.0
0.0
0.0
0.0
0.0
0.0
0.0
0.0
0.0
0.0
0.0
0.0
0.0
0.0
0.0
0.0
0.0
0.0
0.0
0.0
0.0
0.0
0.0
0.0
0.0
0.0
0.0
0.0
0.0
0.0
0.0
0.0
0.0
0.0
0.0
0.0
0.0
0.0
0.0
0.0
0.0
0.0
0.0
0.0
0.0
0.0
0.0
0.0
0.0
0.0
0.0
0.0
0.0
0.0
0.0
0.0
0.0
0.0
0.0
0.0
0.0
0.0
0.0
0.0
0.0
0.0
0.0
0.0
0.0
0.0
0.0
0.0
0.0
0.0
0.0
0.0
0.0
0.0
0.0
0.0
0.0
0.0
0.0
0.0
0.0
0.0
0.0
0.0
0.0
0.0
0.0
0.0
0.0
0.0
0.0
0.0
0.0
0.0
0.0
0.0
0.0
0.0
0.0
0.0
0.0
0.0
0.0
0.0
0.0
0.0
0.0
0.0
0.0
