-0.2
0.3
0.2
0.4
0.516
0.531
1.438
1.538
1.238
0.795
0.847
1.18
1.18
2.669
3.388
4.569
4.254
4.155
4.654
4.666
3.031
2.276
2.818
1.461
0.937
1.738
1.348
0.348
0.2
-0.3
0.4
0.0
0.516
1.031
0.938
0.938
1.638
2.534
2.433
2.817
4.463
3.922
4.251
4.269
4.954
4.854
4.854
4.168
4.356
3.712
3.579
4.3
2.66
1.881
0.548
0.948
0.3
-0.2
0.5
0.0
0.316
0.531
1.338
2.731
4.165
3.63
3.808
3.789
4.298
4.369
4.799
5.166
4.754
4.854
4.554
5.174
4.334
3.847
4.259
3.73
3.692
3.909
0.748
0.548
0.4
0.4
0.5
-0.2
0.216
0.879
2.209
3.538
4.206
4.235
2.613
2.478
3.072
3.223
3.181
2.702
2.904
2.935
2.625
2.84
2.431
2.401
4.41
3.013
3.656
3.352
0.958
1.757
-0.3
-0.2
0.0
-0.4
0.516
0.633
2.774
3.211
3.114
3.164
2.176
0.418
1.996
0.85
1.843
0.852
0.725
1.457
0.308
1.741
1.548
2.457
2.44
2.989
2.258
2.456
2.057
1.88
0.1
0.1
0.1
-0.1
-0.384
0.625
1.729
2.121
3.406
2.514
1.913
1.186
0.837
0.626
0.938
1.064
0.557
1.257
0.814
1.673
1.847
2.012
3.225
2.089
2.358
2.056
0.853
1.553
-0.5
-0.3
-0.4
0.3
0.616
0.599
1.711
2.653
2.624
1.542
1.752
-0.16
0.762
0.909
0.177
1.057
0.557
1.057
0.859
1.305
1.191
1.463
2.208
2.479
2.896
2.438
0.653
1.343
-0.4
-0.4
0.3
0.2
-0.184
1.75
1.959
2.091
2.724
1.624
1.554
1.098
0.074
0.708
0.177
1.956
1.056
1.779
1.738
2.89
2.186
2.542
2.581
2.72
2.292
2.332
1.023
0.623
0.4
-0.3
-0.2
-0.1
0.516
0.709
2.494
2.789
2.478
2.568
1.932
2.342
1.506
1.81
2.474
2.208
2.232
3.314
2.564
3.655
2.134
2.675
2.828
2.624
2.868
1.81
1.423
0.423
-0.5
0.4
-0.5
-0.4
0.216
1.08
2.394
1.894
2.668
2.72
2.98
2.279
1.887
1.527
3.204
2.635
3.175
3.175
3.509
4.274
3.008
2.836
3.392
2.853
2.9
2.25
0.704
1.399
0.4
0.3
0.4
-0.5
-0.184
0.984
2.294
2.679
2.515
2.1
2.018
1.987
1.588
2.139
2.12
2.825
2.759
3.723
3.618
3.646
3.033
1.964
3.085
2.645
2.377
2.104
2.204
1.404
0.2
0.0
0.1
-0.3
0.316
0.594
2.459
2.125
2.696
1.804
2.402
2.69
2.475
1.274
2.545
2.375
2.676
3.008
2.826
2.928
3.185
2.761
2.315
2.843
2.142
2.094
1.704
1.504
-0.4
-0.2
0.5
0.3
0.616
1.052
1.918
2.504
2.725
2.156
1.508
1.681
1.301
0.712
2.358
2.138
2.632
1.948
1.828
3.264
2.514
2.069
2.209
1.351
2.344
3.115
1.794
1.894
-0.1
0.5
0.2
-0.039
0.001
0.873
1.948
1.681
2.079
1.791
1.215
0.185
0.143
1.181
2.258
2.39
2.524
2.023
1.622
2.0
0.989
0.887
1.467
1.704
2.564
2.75
3.35
3.05
-0.5
0.0
-0.3
0.856
0.301
0.822
2.348
2.066
2.7
2.108
2.061
0.672
1.294
1.675
1.857
2.137
2.137
1.837
2.052
1.581
0.305
0.861
1.744
2.661
3.27
2.935
3.435
3.235
0.5
0.4
-0.2
0.856
0.301
1.457
1.748
1.902
2.121
1.953
2.38
1.668
1.316
1.098
1.479
2.259
2.001
1.559
1.689
0.702
0.127
0.661
1.816
2.326
2.575
2.968
2.822
2.764
-0.4
0.5
0.1
0.259
0.101
0.987
1.793
2.132
2.024
1.796
2.618
1.456
0.738
1.453
2.326
2.027
1.505
1.605
0.833
1.248
0.905
1.02
2.455
3.174
3.432
2.978
2.621
3.064
-0.4
-0.2
-0.4
-0.134
0.33
0.944
1.871
1.81
2.333
2.413
3.321
2.674
2.317
0.783
1.258
1.88
1.992
1.041
0.758
1.816
1.634
2.383
2.235
2.384
2.247
3.196
1.74
1.747
0.1
-0.3
0.4
-0.298
0.636
1.114
2.596
3.522
3.473
4.182
4.622
3.713
3.697
4.036
3.472
3.823
4.429
4.232
3.54
3.309
3.716
3.577
4.133
4.109
3.002
2.49
1.896
1.276
0.1
0.0
0.2
0.002
0.29
0.976
2.478
3.207
3.458
3.785
4.522
4.911
4.605
4.805
4.306
4.254
4.208
4.308
3.888
3.897
4.354
4.154
4.098
3.778
3.121
2.566
1.51
1.574
0.4
0.3
-0.5
-0.398
0.859
1.414
2.408
1.724
2.1
3.262
4.439
4.168
3.395
4.307
4.81
4.223
4.589
4.489
3.365
4.288
4.361
2.909
3.412
2.497
1.776
1.235
1.044
1.544
0.0
0.0
0.5
-0.098
-0.504
0.927
0.986
0.839
1.644
1.742
2.842
2.62
3.033
3.935
3.243
3.765
3.525
3.925
2.195
2.876
2.341
1.548
0.969
0.536
0.616
1.539
1.139
0.539
-0.1
0.2
0.1
0.602
0.233
0.433
-0.1
0.3
-0.3
-0.3
0.3
0.5
-0.5
-0.1
0.1
-0.5
-0.3
0.1
-0.2
0.3
0.2
0.5
-0.5
0.4
-0.287
-0.067
0.033
0.433
-0.4
0.5
0.4
-0.098
0.433
-0.267
-0.1
0.5
0.2
0.2
0.1
0.0
-0.5
0.2
0.3
-0.5
-0.4
0.5
0.0
-0.5
0.3
-0.1
-0.2
-0.1
0.413
0.233
0.233
0.333
-0.4
0.1
-0.1
0.002
-0.167
0.133
0.3
-0.2
0.3
0.4
0.1
0.0
0.4
-0.5
-0.3
-0.1
0.1
0.1
0.3
0.5
-0.1
-0.4
-0.1
-0.5
-0.087
0.133
0.533
0.233
0.1
-0.1
-0.5
0.102
-0.467
-0.367
-0.3
-0.2
0.1
-0.2
0.4
0.4
0.4
0.1
0.0
0.0
0.3
0.0
0.3
0.5
0.4
0.5
-0.4
0.5
0.313
0.433
0.533
0.333
0.4
0.2
0.5
0.102
-0.467
0.033
0.4
0.2
0.2
0.1
-0.5
0.4
-0.2
-0.4
-0.1
-0.5
-0.1
0.5
-0.3
0.0
0.3
-0.1
0.0
0.2
-0.474
-0.214
0.133
-0.267
0.0
0.5
-0.3
0.202
-0.267
0.533
0.1
0.0
-0.1
0.0
0.0
0.3
0.5
0.0
-0.4
0.2
0.0
-0.5
0.4
0.1
-0.5
0.5
-0.3
0.5
-0.3
0.287
-0.267
0.433
