-0.28368
-0.17917
-0.17436
0.07876
0.34174
-0.43028
0.17796
-0.00249
-0.33672
-0.33402
-0.52233
-0.49117
0.37913
0.41352
-0.36005
-0.55043
0.67818
0.77207
0.45501
0.5888
-0.1664
-0.08262
0.1949
0.35416
-0.53874
-0.1434
-0.20062
0.583
-0.1519
-0.73599
-0.56093
-0.62874
-0.08433
0.22018
0.42588
-0.32069
0.54123
-0.62547
-0.30529
-0.57824
0.0933
-0.14177
-0.76725
0.11492
-0.43321
0.10218
-0.42798
0.60757
0.11804
0.37364
0.06717
0.80642
0.65249
0.31899
0.1403
0.09949
-0.02392
-0.23528
0.28077
-0.62044
-0.68908
-0.32299
-0.56745
-0.22636
0.31675
0.32126
-0.37155
0.38376
0.15349
-0.10803
-0.78135
-0.02462
-0.04258
-0.68589
0.12032
0.14514
-0.31714
-0.24997
-0.3939
0.44883
0.09873
0.16428
0.06687
0.20556
0.15121
0.5142
-0.00804
0.05056
-0.37865
-0.29986
-0.15647
-0.54114
0.11891
-0.59493
-0.05724
0.06707
-0.2813
0.1232
0.23258
-0.1135
0.65137
0.00243
0.0084
0.02835
-0.03457
0.27989
-0.31763
0.47491
0.18216
-0.75015
0.38187
0.64415
0.80844
0.48483
0.0045
0.12083
0.48277
-0.09269
0.27839
0.42619
-0.0014
-0.43429
-0.43093
0.22604
-0.16212
-0.6494
-0.53922
-0.02591
-0.18002
0.42541
-0.26646
0.58706
0.5392
-0.41131
-0.15965
-0.81528
-0.07246
-0.60456
-0.41784
-0.11672
-0.02504
0.55854
0.47902
0.46486
0.22756
0.45885
0.54882
-0.13877
-0.38099
0.81188
0.80099
-0.25501
-0.71642
-0.68349
-0.03312
-0.79114
0.00907
0.13133
0.31056
0.10464
-0.27924
0.02642
-0.46828
0.08471
-0.16695
-0.21766
-0.15919
0.22963
-0.13049
-0.43321
0.12867
-0.26861
-0.34692
0.06546
0.49155
0.47017
-0.61024
-0.24972
-0.14871
0.12824
0.16651
0.64834
-0.15998
-0.17103
-0.68729
-0.73263
-0.46719
-0.70435
-0.79363
0.13165
-0.16231
-0.46252
0.42011
0.32577
0.02662
0.3786
0.62038
-0.33733
0.19048
-0.32728
-0.68345
0.01505
-0.22182
-0.40896
-0.1958
0.07298
0.80522
0.37225
0.26762
0.22428
0.30037
0.23556
0.49983
0.39001
0.21696
0.62372
-0.27509
-0.71035
-0.22581
-0.72012
-0.31087
-0.47532
-0.06799
0.23166
0.0185
0.32417
-0.47524
-0.12203
0.22586
0.27531
-0.50073
-0.2175
-0.59901
-0.41316
0.10741
0.54823
0.68905
0.18367
0.30579
-0.48117
-0.14799
-0.31342
0.18199
-0.24775
0.09528
0.34406
-0.2578
0.81476
0.23174
0.3166
-0.67413
-0.04009
6.0E-4
0.24234
-0.68336
-0.68372
0.21912
0.3247
0.22613
0.1796
-0.16566
-0.61142
-0.48899
0.19214
0.07525
-0.1421
-0.27401
0.87022
0.35921
0.00547
-0.05467
-0.36693
0.53806
-0.28125
-0.45132
-0.56386
-0.12789
-0.45816
-0.5193
0.33571
-0.01506
0.54886
0.08316
-0.13426
-0.47402
-0.32315
0.30603
-0.19494
0.22027
-0.37416
-0.17362
-0.42044
0.23597
-0.63063
-0.21252
-0.30725
-0.25653
-0.48818
-0.04975
0.05902
0.97817
0.01821
-0.31761
0.09669
0.41993
-0.17394
0.12314
0.02669
-0.21617
-0.22806
0.13498
0.29128
0.82626
0.45229
-0.03316
-0.09827
-0.20094
-0.20346
-0.09871
0.10109
0.01741
-0.17707
-0.27576
0.07857
0.53795
-0.07185
-0.16619
-0.20314
0.15238
-0.30866
-0.69003
-0.04323
0.39068
-0.1523
-0.07602
-0.43213
-0.11215
0.51227
-0.02612
-0.36755
-0.19124
-0.46689
-0.15301
-0.1321
0.79993
0.76742
0.14162
-0.0709
0.02728
0.19741
0.19564
-0.39712
-0.38465
-0.07731
0.42622
-0.31921
0.64742
-0.55637
-0.27444
-0.21848
-0.35478
-0.59313
0.77515
0.06504
0.8095
-0.5814
0.15309
0.18726
0.20281
-0.00951
0.07439
-0.15837
-0.33231
-0.19703
-0.19737
0.10188
0.88796
-0.15071
0.23413
-0.14401
0.26198
-0.62697
-0.20631
-0.08584
0.30765
0.42455
0.4353
-0.2084
0.46621
-0.3296
-0.79116
-0.35187
-0.69473
0.34025
-0.2434
0.67359
0.18957
-0.43081
-0.3194
-0.18481
0.09548
-0.41362
0.0303
-0.15099
-0.00507
-0.33325
-0.09652
0.3584
-0.01735
0.21986
0.18247
0.52349
0.12592
0.21445
-0.49682
0.14505
0.21167
0.12863
0.34355
0.29741
0.0585
0.05307
-0.82014
-0.59514
-0.25152
-0.10039
0.66548
0.46738
0.09655
0.68174
-0.18683
0.47175
0.79253
0.25876
0.40742
1.06069
-0.00855
0.12344
-0.02295
-0.05002
0.56383
0.10706
0.54449
0.48939
-0.10977
-0.38388
-0.16188
0.20938
-0.38039
-0.46586
-0.44842
-0.29352
0.04627
-0.03872
-0.76623
-0.49899
0.30703
-0.10626
0.37346
0.66942
-0.33868
0.00224
0.11877
-0.12267
1.06662
0.82997
0.12937
1.02439
0.67942
0.01628
0.70721
-0.01076
-0.0893
0.63852
0.43887
-0.34249
-0.37293
0.05024
-0.60915
-0.13756
-0.07525
0.33043
-0.46026
0.5945
0.34616
-0.67407
-0.62837
-0.48716
0.19344
0.69112
0.0773
0.65984
-0.04777
0.40054
-0.37984
0.07711
0.18673
0.35419
0.09127
0.30159
0.52009
0.28271
0.35581
0.58141
0.39662
0.02592
0.63008
-0.35096
-0.03717
0.46552
-0.04792
-0.45468
-0.0731
0.53122
0.13816
0.00327
-0.05203
-0.43012
-0.2319
0.60695
0.39511
-0.00138
0.6899
-0.47931
0.12731
-0.86523
-0.26036
0.27775
0.52934
-0.35629
0.24578
-0.01912
0.09443
-0.23761
0.33243
0.49485
-0.09492
-0.15356
0.83214
0.04606
-0.23902
0.36405
-0.0992
-0.74919
-0.17146
0.03303
-0.06837
-0.18105
-0.47772
-0.56439
0.13304
0.26843
0.17655
0.6976
0.40852
-0.21386
-0.49224
-0.34486
-0.10413
0.13104
0.05248
-0.05073
0.35286
0.25785
-0.33494
0.4936
0.28069
0.03403
0.45995
0.02723
-0.12952
0.38472
-0.13364
-0.23826
-0.16352
-1.04795
-0.16998
-0.04811
0.18671
0.45195
-0.32499
-0.72004
-0.08138
0.55765
-0.21152
0.18433
-0.35957
-0.25935
-0.15153
-0.33596
0.00657
0.24007
0.05921
-0.16563
0.40294
0.45602
-0.34158
-0.17936
-0.07896
0.22966
0.11775
-0.34901
-0.19879
0.16063
-0.26636
0.64282
0.59294
0.24809
-0.45647
-0.3355
0.38892
0.28068
-0.36374
-0.28671
0.30494
0.23475
0.4751
-0.64727
-0.31795
-0.55577
-0.34653
-0.08855
-0.49285
-0.15122
0.45855
0.07569
-0.22425
-0.42143
-0.23293
0.02181
0.00334
-0.30421
-0.38024
-0.07296
0.03434
-0.34923
-0.24361
0.15315
-0.33803
-0.1371
0.55215
-0.42962
0.29791
-0.1536
-0.00138
-0.00841
0.02493
0.53181
0.60101
0.70912
0.37951
-0.34683
0.03636
0.10151
-0.19113
0.14706
-0.4503
-0.44957
-0.25044
0.43028
0.19142
-0.39084
-0.35449
-0.13064
-0.17195
-0.60617
-0.0687
0.3739
0.25839
0.17821
0.5039
0.30667
0.5235
0.3463
0.4815
0.38436
0.51487
0.42441
0.29902
-0.48837
-0.26353
0.21466
-0.01098
0.17094
0.27297
-0.00748
0.09699
-0.19168
0.31774
0.1222
0.31024
0.0705
0.16477
0.55932
-0.17782
0.11149
-0.27027
-0.31047
0.49391
0.57298
-0.21021
0.37862
-0.44217
0.26079
-0.18104
-0.15843
0.37469
0.10855
-0.256
0.36355
-0.41004
-0.08446
-0.0875
-0.29946
0.09336
0.0961
0.49421
-0.2676
-0.26473
-0.34387
-0.17925
-0.3705
0.11304
0.35347
0.44786
-0.45158
0.42524
-0.18076
-0.37587
0.12703
-0.07413
-0.15379
0.35343
0.44296
-0.09961
-0.3988
0.32934
-0.04775
0.18139
-0.59592
-0.34753
0.28927
0.11884
-0.35415
0.45095
-0.48488
-0.00113
0.09449
-0.00317
0.02528
0.53023
0.15037
0.31307
0.12581
0.42279
0.24067
-0.4722
-0.47323
-0.17236
0.05301
0.45538
-0.25612
-0.35795
-0.04579
0.56145
0.251
-0.49862
0.30104
-0.26458
-0.04111
-0.51553
0.40593
0.16454
0.20955
-0.07003
-0.05078
0.25607
0.02517
-0.48724
0.51098
0.00433
0.0132
0.31729
0.23974
-0.29433
0.21588
0.10834
0.32828
0.10865
-0.2979
0.31543
-0.052
0.04354
0.24148
0.04447
0.5458
0.1427
-0.06061
-0.09001
-0.08949
-0.46857
0.55442
0.08178
0.21359
-0.01846
0.53135
0.32468
-0.1682
0.14064
-0.36055
0.23616
-0.06593
-0.07848
-0.47958
0.02378
0.23989
-0.09749
0.20357
0.38944
0.5298
0.02595
0.02516
-0.17555
0.52684
-0.17222
-0.07087
-0.27098
-0.27018
0.32811
0.52816
0.02903
0.32906
0.13106
0.05406
-0.11909
-0.18821
-0.22202
0.12894
-0.27558
-0.06854
-0.35841
0.34149
-0.4623
0.13618
-0.07575
-0.27541
-0.07169
-0.3564
0.26135
-0.0883
0.39535
0.33435
0.02877
0.32809
0.52786
-0.47172
0.22827
0.12829
-0.17081
0.22916
0.52856
0.22667
0.22738
-0.47252
0.1311
0.4487
-0.40557
0.24168
0.45905
-0.17143
0.22633
-0.06911
0.03888
-0.36076
-0.36438
0.23435
-0.17344
-0.07321
-0.17101
0.13695
-0.14807
-0.45693
0.00436
0.53325
-0.07028
0.42928
-0.07089
0.22911
0.22911
0.22911
0.52917
0.52863
0.12879
-0.17175
0.32883
-0.27106
-0.27088
-0.07072
0.12919
0.12863
0.12774
0.52758
-0.37135
-0.46727
-0.06658
0.33343
-0.07011
0.22853
-0.07177
-0.47157
-0.07112
-0.27115
-0.27089
0.52915
0.32924
-0.07069
0.12972
0.02928
-0.27089
-0.47089
0.02911
-0.27089
0.52928
-0.47106
-0.3711
-0.47081
-0.36977
0.03035
0.02912
0.32928
0.1292
0.52864
0.52778
-0.07238
0.02865
-0.36725
0.13333
0.33334
0.32973
0.02844
0.52825
-0.47155
0.42891
-0.17113
0.02911
-0.27089
-0.27076
0.52931
0.42972
-0.17072
0.32911
-0.07089
0.02911
-0.37089
-0.37073
0.129
0.52909
-0.07079
0.23022
-0.06969
-0.07088
-0.17071
0.52924
0.02872
0.22787
0.02772
-0.47121
0.23264
0.53323
-0.26673
0.42982
0.22849
0.02832
0.02847
-0.07108
-0.47113
0.42911
-0.47089
0.02924
0.02931
0.22972
-0.17072
-0.07089
-0.37089
-0.37089
-0.27089
-0.47082
0.32925
-0.17057
-0.37071
-0.1698
-0.46963
0.22911
-0.27089
0.52908
0.02912
-0.37196
-0.27215
0.52926
0.23377
0.33447
0.53455
-0.26918
-0.47172
0.22807
-0.17152
0.12893
0.22887
-0.07089
0.12911
0.02924
-0.47069
-0.17028
-0.37075
0.12911
-0.27089
0.02911
-0.27089
0.5291
0.52912
0.22911
0.52912
0.3297
0.43076
