0.2
0.4
-0.3
-0.2
0.181
-0.276
0.524
-0.476
0.024
-0.077
-0.057
0.238
-0.262
0.045
0.42
0.32
0.521
0.421
-0.279
0.116
-0.168
0.339
0.538
-0.362
0.241
0.224
-0.175
-0.475
-0.5
-0.2
0.4
-0.2
0.481
0.124
0.124
0.524
-0.276
-0.485
-0.151
0.545
-0.092
0.414
-0.38
-0.18
0.421
-0.279
-0.379
-0.39
-0.055
-0.354
-0.355
-0.17
-0.085
-0.476
-0.175
0.125
-0.3
-0.3
-0.2
0.0
0.181
0.424
0.424
0.416
0.031
-0.372
-0.464
-0.356
0.304
0.52
-0.38
0.02
-0.279
0.521
-0.079
-0.49
0.146
0.027
0.033
-0.172
0.327
-0.069
0.325
-0.475
0.4
0.1
0.5
-0.1
0.381
-0.214
0.089
-0.107
0.195
-0.524
-0.397
0.095
-0.04
-0.241
-0.237
-0.288
0.411
-0.481
0.462
-0.24
0.487
-0.382
-0.412
0.392
0.494
0.397
-0.511
-0.011
-0.2
-0.2
0.4
0.1
0.081
-0.219
-0.22
0.173
0.473
-0.536
0.195
-0.541
-0.061
0.348
0.401
-0.485
0.013
0.151
0.167
0.375
0.435
-0.02
-0.222
-0.024
0.078
-0.019
-0.322
0.481
0.0
0.2
0.2
0.1
-0.519
0.481
-0.337
-0.037
-0.44
0.459
-0.205
0.259
0.17
-0.23
-0.3
0.251
0.351
-0.449
0.345
-0.141
-0.357
0.177
0.476
0.276
0.078
-0.319
-0.319
0.281
0.1
-0.2
0.0
0.4
-0.219
0.481
0.48
-0.12
-0.52
0.079
0.495
-0.44
0.371
-0.225
0.1
0.051
0.051
-0.049
0.345
-0.249
-0.162
0.036
0.476
0.476
0.378
-0.02
0.381
-0.519
-0.1
0.1
0.5
0.4
0.181
-0.319
0.38
0.48
0.18
0.479
-0.348
0.465
0.363
-0.141
-0.1
-0.149
-0.149
-0.07
-0.064
-0.261
-0.262
-0.447
-0.163
0.483
-0.015
-0.512
-0.119
0.081
0.1
-0.4
-0.1
-0.3
-0.319
-0.219
0.38
0.18
-0.32
-0.42
0.371
-0.329
-0.333
0.003
-0.097
-0.246
-0.465
0.335
-0.315
-0.47
-0.246
0.071
0.457
-0.418
0.083
-0.112
0.181
-0.519
0.2
-0.4
0.2
-0.3
-0.219
0.281
-0.32
-0.32
-0.42
0.177
0.269
-0.531
-0.436
-0.201
-0.101
0.03
0.431
0.331
0.375
-0.054
-0.132
-0.029
0.161
-0.117
-0.122
-0.022
-0.019
-0.219
0.1
0.3
0.1
-0.3
-0.119
0.281
0.48
0.481
0.477
0.437
-0.331
-0.442
-0.143
-0.201
-0.001
-0.466
0.231
0.229
0.267
-0.04
0.058
0.07
0.069
-0.451
0.178
-0.519
-0.419
-0.219
-0.2
-0.1
0.1
-0.1
0.281
-0.219
0.078
0.279
-0.557
-0.153
0.267
-0.308
-0.203
0.297
0.478
-0.271
-0.48
0.048
-0.302
-0.502
0.195
0.371
0.456
-0.154
0.277
-0.32
0.481
0.481
0.0
-0.2
-0.5
0.2
-0.019
-0.219
0.482
0.381
-0.554
0.15
0.37
-0.103
0.084
0.345
-0.557
-0.506
-0.502
0.413
0.164
0.2
-0.509
-0.124
0.162
-0.243
0.352
0.143
0.38
0.28
0.3
0.1
0.1
0.4
-0.018
-0.518
0.282
0.056
-0.05
0.05
-0.329
-0.025
-0.143
0.362
-0.337
-0.288
0.526
0.326
0.375
-0.525
-0.448
-0.229
0.169
0.157
0.052
-0.32
-0.12
-0.12
-0.5
0.3
-0.2
0.0
-0.318
-0.018
0.082
0.252
0.152
0.152
0.453
-0.437
-0.336
-0.542
0.176
0.127
-0.273
-0.273
0.061
-0.124
0.268
0.471
-0.13
-0.542
-0.347
0.281
-0.119
0.181
0.2
0.4
-0.4
0.4
-0.518
0.282
-0.418
-0.544
-0.048
-0.451
-0.041
-0.438
-0.136
0.059
-0.224
-0.073
0.525
0.12
-0.035
0.176
-0.232
0.371
-0.13
-0.142
0.353
0.05
-0.557
0.081
0.2
0.3
-0.2
0.3
0.282
-0.159
-0.153
0.16
-0.548
0.429
-0.529
0.432
0.133
0.342
-0.461
-0.41
0.302
0.502
-0.546
-0.042
0.35
-0.204
0.165
0.458
-0.247
0.256
0.445
0.381
-0.4
-0.4
0.3
-0.5
0.38
0.439
0.357
-0.154
-0.346
-0.264
0.475
-0.119
-0.216
-0.326
-0.126
0.226
0.535
-0.259
0.488
-0.2
-0.204
-0.301
-0.54
0.157
0.152
-0.345
-0.355
-0.219
0.0
0.5
0.4
-0.504
-0.221
-0.07
0.446
-0.042
0.444
-0.33
0.073
-0.025
-0.028
-0.132
-0.432
0.121
0.325
0.13
0.291
0.305
-0.114
-0.005
-0.506
-0.357
0.246
-0.045
0.048
-0.053
0.1
-0.5
0.0
0.396
0.434
-0.567
0.457
0.057
-0.557
-0.534
0.355
0.278
-0.025
0.375
0.175
-0.066
-0.267
0.233
-0.309
0.301
0.102
-0.498
-0.197
0.491
-0.042
0.458
-0.043
0.262
0.3
0.2
-0.3
0.397
0.143
-0.153
0.059
-0.532
-0.255
0.082
0.375
-0.325
0.175
-0.425
-0.223
-0.058
-0.353
-0.353
-0.302
0.203
0.406
0.306
0.102
0.49
0.458
-0.142
-0.042
0.258
0.5
0.4
0.0
-0.503
-0.041
-0.556
0.447
0.346
-0.542
0.483
-0.118
-0.418
0.282
0.282
-0.121
-0.276
0.029
0.529
0.197
-0.503
-0.503
-0.003
0.397
-0.154
-0.557
0.446
0.346
0.446
-0.3
-0.5
0.3
-0.503
0.195
-0.305
-0.1
0.0
-0.5
-0.2
-0.2
0.3
0.2
-0.2
0.3
0.4
0.0
-0.4
-0.3
0.1
0.4
0.2
0.5
0.0
-0.001
0.095
-0.305
0.195
0.0
0.3
-0.4
-0.403
-0.305
0.295
0.3
0.0
0.4
0.1
0.1
-0.3
0.1
0.0
0.3
0.0
-0.3
0.2
-0.2
-0.2
0.3
0.5
-0.5
0.2
0.199
-0.405
0.395
-0.105
-0.2
-0.4
-0.5
-0.103
-0.505
0.395
-0.2
-0.1
0.5
0.5
-0.1
0.1
0.1
0.5
-0.1
0.0
0.1
-0.5
0.2
0.4
0.2
-0.4
0.1
0.3
0.399
-0.305
-0.505
-0.205
-0.4
-0.2
-0.4
-0.203
0.095
0.095
-0.4
0.5
0.3
-0.3
-0.5
0.0
-0.1
0.0
-0.4
-0.2
0.3
-0.4
0.2
0.0
0.5
-0.5
0.4
-0.3
-0.401
0.195
0.395
0.095
-0.4
0.3
0.5
0.297
0.395
-0.405
0.5
-0.2
0.5
0.2
-0.5
0.3
-0.3
-0.5
-0.1
0.1
0.1
-0.2
-0.1
-0.1
-0.4
0.1
0.4
0.2
0.503
-0.204
-0.205
-0.405
-0.5
0.0
0.2
-0.203
-0.305
0.495
-0.3
-0.3
0.5
0.3
-0.4
0.5
0.3
0.1
0.0
0.1
-0.3
0.3
-0.2
0.4
0.4
-0.3
-0.1
-0.1
0.5
0.195
-0.205
0.195
