-0.15131
0.0504
0.45086
0.46851
-0.42404
-0.32515
-0.21357
0.18466
-0.04763
-0.14942
0.28293
0.4576
0.14658
0.02215
-0.12724
0.25577
0.67236
0.30883
0.32667
0.75832
0.6183
-0.25878
-0.1782
-0.17664
0.32801
0.35499
-0.01575
-0.08454
-0.35109
-0.15079
0.25121
-0.52935
0.54916
0.35086
0.05048
0.36886
0.17239
-0.23293
0.48352
-0.01187
0.4522
-0.45405
-0.10476
-0.02159
0.546
0.18181
0.28909
-0.03273
0.76548
0.61972
0.54322
0.4805
-0.05949
-0.25596
0.30985
-0.48357
0.38366
0.41567
-0.32617
-0.22072
-0.48002
-0.02024
-0.54737
-0.31642
-0.15206
0.54966
0.0493
0.06608
-0.23627
-0.23288
-0.60202
0.24929
-0.2448
-0.5398
0.18983
0.34707
0.51627
0.14853
9.0E-5
-0.0103
-0.21236
0.05925
0.44768
-0.11566
0.44478
0.04618
0.19787
-0.29012
0.37493
0.39848
-0.10371
0.06154
0.16446
-0.55241
0.18059
0.08883
0.54834
-0.44992
0.05163
-0.12872
0.37405
-0.01957
-0.56282
0.35723
-0.16441
0.36579
-0.25072
-0.21972
-0.27093
-0.09876
-0.53782
-0.0558
0.18779
0.29176
0.56949
-0.0366
0.62495
0.55446
0.6816
0.19794
0.44126
0.31083
0.00492
-0.17232
0.37935
-0.23055
-0.46393
-0.45406
0.54831
-0.05027
0.25275
0.17328
-0.41756
-0.0176
-0.25478
-0.53663
-0.09178
-0.07856
0.22225
-0.534
0.25234
0.2725
0.28291
0.54112
-0.29493
0.4035
0.00544
-0.23772
-0.10738
0.76052
0.39438
0.65357
-0.24999
-0.30766
-0.40378
0.52894
-0.39424
0.39676
0.41851
0.01095
0.34819
-0.25006
0.3517
0.16984
0.58244
0.28668
-0.53419
0.397
0.01335
0.0897
0.41953
-0.01909
0.11671
0.61834
0.53705
0.05018
-0.39248
-0.18972
0.15678
0.20634
-0.14418
-0.21094
0.38822
0.00615
-0.40104
-0.72041
-0.41837
-0.17102
-0.09871
-0.10828
-0.4018
-0.40962
-0.45258
-0.35083
0.55136
-0.22797
-0.31625
0.09668
0.36446
0.38463
-0.38852
-0.20453
-0.16171
0.48775
-0.31984
1.5E-4
0.44928
0.04861
0.25063
-0.24833
-0.13777
-0.26358
0.39699
-0.03799
0.23271
0.49515
0.54983
0.05718
0.45301
0.21657
-0.2176
-0.3133
0.03578
0.42978
0.54473
-0.15356
0.25263
0.07206
-0.01579
0.00148
-0.62741
-0.61135
0.09133
-0.41374
0.17419
0.249
0.27569
0.07351
0.0899
-0.03433
0.18203
0.55059
-0.43208
0.3065
-0.10456
0.23102
0.53355
0.56358
-0.30948
0.25959
-0.41626
-0.30257
-0.18084
-0.36469
-0.14195
-0.23896
-0.35861
0.44317
-0.04841
0.4703
0.58007
0.2027
-0.41215
-0.49003
0.47582
-0.10897
-0.48622
-0.26171
0.69236
-0.32659
0.50219
0.13557
-0.24046
-0.19186
-0.13203
0.51286
0.37111
-0.55048
-0.26488
0.47605
0.18565
-0.5481
0.42999
0.03409
-0.62241
0.40741
-0.03857
0.46367
-0.26119
0.34052
-0.24891
0.56968
-0.11899
0.17671
0.36736
-0.28734
0.23896
0.14983
-0.19864
0.10956
0.64036
0.31042
0.27947
0.29688
0.7355
0.58504
0.06561
-0.43394
0.48265
-0.44121
0.61033
-0.01174
0.50879
-0.40464
-0.00829
-0.30513
0.26768
-0.28087
-0.45619
-0.05582
0.33904
-0.35927
-0.25089
0.36855
-0.11601
-0.05488
-0.46364
-0.4784
-0.45842
0.09509
-0.49384
0.2762
0.82597
0.6021
0.56107
0.23801
0.00204
0.25147
0.1525
-0.21954
0.63358
0.64603
0.352
0.4942
0.71126
0.257
0.76067
-0.42739
-0.05511
-0.58448
-0.60291
-0.30116
0.13594
0.44204
0.25322
0.17282
0.40116
0.3708
-0.06156
0.3978
0.37813
-0.47762
0.00224
0.21449
0.03402
0.36998
-0.16377
-0.39739
-0.13715
0.44109
0.32122
0.47434
0.06895
-0.36814
0.30302
0.30093
0.57885
0.36794
0.02089
-0.09095
0.27918
0.17256
-0.00636
-0.59972
0.33192
-0.45382
0.16688
0.38719
-0.37288
0.11809
0.00322
-0.68813
-0.42924
-0.40769
0.19343
0.65671
-0.17986
-0.02583
-0.36727
-0.57112
-0.31923
0.2828
-0.31547
-0.48969
-0.43432
0.14838
-0.04281
-0.36117
0.65812
-0.0238
0.05246
0.19494
0.47002
0.21458
0.29188
-0.09371
0.33491
-0.3516
-0.12439
-0.204
-0.0293
-0.24838
-0.52887
-0.64109
0.31834
0.59244
-0.00581
-0.13807
0.38327
0.00467
0.52549
-0.22827
0.24082
-0.25418
0.51577
-0.00232
0.39369
0.092
0.5204
0.53725
-0.21185
-0.30834
0.54389
-0.02081
0.36306
-0.30816
-0.28105
0.24501
-0.06239
-0.14989
-0.11983
0.19865
-0.3459
0.1689
-0.64778
0.21323
0.02884
-0.38903
-0.18783
-0.46289
-0.45254
0.4192
-0.25894
-0.45082
-0.05393
0.21392
-0.03755
-0.04311
0.64376
-0.35664
-0.36091
0.28707
0.48161
-0.38024
0.04547
0.68016
-0.00508
-0.27647
-0.23088
0.4959
0.04616
-0.05281
0.26965
-0.01177
0.55866
0.14629
-0.18585
-0.04003
-0.29358
-0.19373
0.11605
0.12535
-0.06218
-0.18272
-0.46156
0.05175
0.21904
-0.10851
0.06787
0.16825
0.35795
-0.15372
0.23291
0.37934
-0.12315
0.43676
0.48813
0.22408
0.4582
0.06045
0.47427
-0.50259
0.44635
-0.1515
-0.43641
-0.00743
-0.33533
0.11764
-0.31684
-0.32393
-0.464
0.51425
0.32336
-0.52772
-0.65193
-0.63164
0.18983
0.42552
0.238
-0.46942
0.02994
-0.2925
-0.01386
-0.12842
-0.13462
-0.23516
-0.1639
0.33535
0.44214
-0.01637
-0.34399
0.55797
-0.35836
-0.25343
0.34637
0.0484
-0.06796
0.37406
0.08458
0.19858
-0.18808
0.56909
0.38666
-0.37493
-0.06239
-0.40373
-0.24553
-0.0466
0.24941
0.27106
-0.39449
-0.21718
-0.12712
-0.24663
0.34251
0.24181
0.1131
-0.14229
-0.14253
-0.11414
-0.00507
-0.13619
0.34938
0.6917
-0.48145
-0.09634
0.24704
-0.13595
-0.21056
-0.06176
-0.24133
-0.61955
-0.26664
-0.06083
-0.3966
-0.21935
-0.55122
-0.20517
0.07251
0.14764
0.22099
0.01612
0.43553
0.61001
0.56781
-0.27267
0.05094
0.65531
0.18002
0.40122
-0.00793
-0.23883
0.07069
0.13985
-0.29841
-0.09541
-0.34502
-0.06698
0.35521
0.27368
-0.5032
-0.5872
-0.41049
0.29154
0.62249
0.46947
0.54385
-0.39278
0.09552
0.51864
0.22658
-0.07007
0.3248
0.32153
0.12097
0.43749
0.53062
0.05233
0.1791
-0.22563
0.49031
0.49069
0.28809
-0.44066
-0.13868
0.09452
0.06569
0.56291
0.19579
0.49459
-0.14143
-0.12192
-0.3872
0.01744
0.47526
0.28693
-0.25639
0.00919
0.41777
-0.31354
-0.10046
0.57833
-0.32523
-0.24798
-0.25017
-0.37485
-0.07568
0.32282
-0.09229
0.03854
0.31329
-0.22745
-0.10276
0.19989
0.29824
-0.04014
0.29213
0.00545
0.18453
-0.11371
0.40074
0.50461
0.55304
-0.12594
-0.38351
-0.55737
-0.04886
-0.14413
0.33444
-0.08608
0.41585
0.35545
-0.17254
0.24904
-0.4506
0.14321
0.04487
0.34277
-0.23942
-0.44155
-0.3661
0.36939
-0.3494
-0.06839
-0.49667
0.40245
-0.19176
-0.52748
0.02623
0.16371
0.55138
0.45797
0.56296
0.36484
-0.14767
0.57392
-0.38689
0.0494
0.38854
0.14805
-0.25294
0.34327
-0.26172
0.13312
-0.16199
0.43495
-0.1647
-0.06219
-0.15851
0.55867
0.23508
0.43211
-0.19105
0.44476
0.23715
-0.45929
-0.15886
0.23646
-0.4644
0.1356
0.24149
0.14572
-0.05893
0.24528
-0.05538
-0.45711
0.05289
-0.22569
0.00895
0.04279
-0.01309
0.14192
0.03759
-0.26328
-0.46333
-0.26737
-0.16264
0.23775
0.33566
0.33383
-0.46272
-0.24889
-0.27151
0.22683
-0.39822
-0.46384
0.43037
-0.16753
-0.46442
-0.3616
0.23832
-0.15881
0.54914
0.34988
0.43683
0.0396
0.14247
0.14327
-0.44669
0.37446
0.30622
-0.5592
0.58819
-0.15999
0.14239
-0.45515
-0.35579
-0.1572
-0.35491
0.53989
0.03855
0.13932
-0.15838
-0.43911
0.43343
-0.46731
-0.08885
-0.25335
0.34188
0.04355
-0.25638
-0.05496
-0.2576
-0.05502
0.1466
0.24448
0.33857
0.33951
0.34311
0.14396
-0.3485
0.1728
-0.19375
0.04108
-0.01182
-0.45577
-0.45653
0.04575
0.14736
0.14907
-0.35205
-0.35531
-0.45679
-0.45464
-0.05454
-0.43371
-0.55848
-0.55812
0.41929
0.4529
0.54729
-0.25421
0.34513
-0.05601
-0.1586
0.54265
0.54559
-0.25649
0.43865
-0.25952
0.14251
0.04322
-0.34877
-0.12727
0.30691
-0.05835
0.2881
0.04344
-0.0555
-0.45257
-0.35113
-0.35018
0.34955
-0.35476
0.44487
0.54751
0.04763
0.46222
-0.01187
-0.55839
-0.48218
-0.4489
-0.25447
-0.35423
-0.45406
0.04494
0.34429
-0.45504
0.24869
0.34684
0.1436
0.0433
0.3422
0.04235
-0.34873
0.36764
0.4191
-0.22974
0.57229
-0.4549
-0.15253
0.54792
0.15012
0.45074
-0.35016
0.34588
-0.15371
-0.45147
0.54936
-0.1438
0.16994
0.47089
0.32687
-0.14721
-0.25058
0.34963
0.44965
-0.35035
-0.25035
0.1497
-0.34993
0.04863
-0.05198
0.44697
-0.25446
0.04529
0.2497
0.35028
-0.24962
-0.2524
-0.25488
-0.15443
-0.05157
0.14665
0.04785
-0.05123
0.44851
-0.25451
0.14753
-0.35126
0.14929
0.34922
-0.35082
0.14887
0.34951
0.04957
0.44942
0.34963
0.44965
0.34965
0.44965
0.4497
-0.44999
-0.35153
-0.15313
0.54784
-0.25247
0.44695
0.1497
0.35028
-0.24963
-0.35241
-0.3548
0.54572
0.44836
-0.35343
0.14796
0.54888
0.04864
-0.25421
0.24756
0.34869
0.34929
0.24922
0.44927
0.54939
-0.35044
-0.45038
-0.15058
-0.45037
0.34965
0.24965
-0.25035
-0.0503
0.24998
-0.45112
-0.35218
0.14812
-0.25254
0.24747
0.3497
-0.04982
-0.3497
0.4479
-0.15436
-0.25407
0.24826
-0.25386
0.54767
0.34863
-0.25138
-0.25412
0.04777
-0.1513
-0.45071
-0.15078
0.24927
0.34939
0.04956
0.24962
0.54942
0.04963
-0.25035
0.44965
-0.45035
-0.0503
-0.45012
0.44981
0.54986
-0.45162
-0.45222
-0.35223
-0.45035
0.34965
-0.35027
-0.05009
0.24809
0.44799
-0.45215
-0.3527
-0.151
0.15002
0.34961
0.34683
-0.45165
0.54875
-0.05066
0.54922
0.44927
0.04942
0.24963
-0.25038
0.44938
-0.15037
-0.45035
-0.25035
0.54965
-0.0503
0.0498
0.24955
-0.05163
-0.1517
0.35027
-0.15038
