3.31743
3.34327
3.57027
3.97448
4.72373
3.06965
2.18853
0.9449
0.64597
0.84786
1.98334
2.65667
3.11042
3.27864
-1.54976
-7.26501
14.48743
15.03117
13.41767
13.08442
12.31998
10.89174
1.22933
-3.63173
0.11262
0.32591
3.08384
4.39547
2.19729
1.68712
1.07053
2.22655
3.81549
3.24127
3.16906
3.67399
4.03481
2.63367
1.91794
1.51933
1.22298
2.52628
1.30957
0.08683
-0.8482
-2.85354
5.85539
12.68555
15.11234
14.94893
11.3334
11.60466
10.91694
10.19698
-0.82294
-8.09814
-2.21564
-2.23557
-0.85031
-1.159
0.5415
2.02993
2.30158
2.61737
3.71639
3.94219
3.66918
3.77207
4.63287
3.08225
2.13821
2.44535
0.42679
-1.21665
-0.28546
0.08997
-1.02782
-5.28854
6.35312
14.18414
13.37902
11.78816
11.88056
11.27438
10.39068
10.39624
-1.45671
-10.2011
-3.65156
-4.89204
-2.72254
-1.34524
1.01924
0.26329
0.69332
3.31289
4.01765
4.04343
3.16893
3.47414
4.37707
2.89739
2.86893
1.91722
0.52297
-0.74573
0.3487
2.90553
0.65377
-5.09346
5.98059
15.61092
15.12025
14.15511
15.55752
15.49937
15.56393
15.51387
10.36233
9.63899
-3.34842
-4.81262
-1.41345
-0.80163
-1.70046
-0.64382
2.13577
4.02305
3.11773
3.74384
3.86754
3.37297
4.77977
2.99456
2.12907
1.62468
1.3792
0.59472
2.33944
0.86388
3.58359
11.41289
13.44494
14.16315
-0.29625
0.40637
3.33897
1.76446
5.41328
18.37158
16.4245
13.44818
-6.95637
-6.0168
-0.36087
0.14072
-1.78022
-0.87828
2.11141
2.10637
3.35655
3.68304
3.46995
3.37577
4.53655
3.04245
1.92267
1.75319
1.64667
0.83998
1.4844
-1.07082
1.046
16.51342
15.69193
13.83709
-4.74842
-2.43107
0.32358
-2.45132
1.59491
17.68857
16.59102
14.02706
-9.16523
-6.98383
-1.19364
0.03887
-1.39
-0.88768
1.76827
1.26738
3.13348
3.25981
3.30916
4.37663
4.27363
2.76356
1.51139
1.25153
0.48915
0.89829
1.64293
-2.57411
-0.44581
15.4722
16.34772
14.4803
-2.99095
-1.06203
3.2825
0.12147
3.94768
17.7703
15.61498
13.75069
3.76405
-0.70614
-2.99257
-0.62083
-0.2229
-1.22658
1.65452
1.25299
3.2716
3.99771
3.1074
3.67478
3.97774
2.99795
1.62079
1.03194
1.7002
0.69354
-1.08326
5.79728
8.00569
16.02981
9.85831
3.32928
0.17706
0.83173
4.73887
2.78522
2.97418
5.04365
9.1283
13.63527
12.68868
4.75158
-4.09179
-0.78467
2.19918
0.27564
1.22436
1.32186
3.94827
4.17419
3.80844
3.67462
4.08178
3.52502
2.13932
1.16044
2.12135
0.3573
-3.87357
10.91574
15.83646
15.17344
4.13403
-6.11758
-0.19374
0.16565
2.34935
1.61043
-0.03432
-6.51415
3.68494
13.78984
14.08804
5.21319
-4.48277
0.55183
3.08699
1.37609
0.58256
0.38084
3.52232
4.04823
4.00857
4.3746
4.49608
2.78844
1.81233
1.28523
1.34356
-1.36442
-6.49268
9.54581
14.86188
15.10488
2.98406
-5.77604
0.22955
-0.93481
0.15031
-0.63297
-1.69281
-4.84881
4.77436
13.99816
13.14826
9.10335
4.99173
1.12548
0.10031
1.39953
0.5524
0.0517
3.32466
3.95061
3.81092
4.07523
4.26513
2.82557
1.70181
1.12719
-2.60983
-0.56065
0.92147
10.64894
13.38568
6.88854
1.9068
-3.64534
-0.63165
-1.28342
-0.27737
0.40142
0.41227
-1.50858
2.9465
5.68767
13.16722
13.74954
16.87504
-0.26741
-1.86744
0.83258
0.46517
-0.01308
3.64848
3.40251
2.73185
2.99568
4.37305
2.9345
0.97196
0.42666
-5.55089
2.59303
16.19308
15.36063
11.47443
-5.56231
-2.51187
-1.17222
-1.74416
-1.07299
1.02049
1.94625
2.93032
0.28977
-5.65099
-7.57315
13.00207
12.73645
14.06543
2.20782
1.32568
0.18237
0.33175
0.39651
4.92783
3.71682
1.87566
2.6382
3.57663
1.40718
-2.43451
-2.91295
-4.10495
3.19921
17.12842
17.74376
14.36555
2.20281
3.31917
3.16082
3.69878
3.40642
5.86869
6.69895
7.79349
5.43565
0.52507
-2.28828
13.0542
12.43277
14.62656
13.4281
10.3738
-4.94351
-0.78156
0.0504
5.01905
3.50856
2.75465
2.7177
1.22431
-0.40633
-2.77913
-3.40078
13.92539
14.53184
15.92661
16.67014
17.35811
17.73978
16.51357
13.83201
13.96167
14.65823
18.3307
18.07061
17.12028
18.01357
16.54496
15.16606
14.99252
13.2607
14.74633
13.08194
10.17358
-7.85261
-5.58221
-2.56265
4.59515
3.58371
2.75206
2.61861
1.53701
-0.44215
-5.23006
-7.02599
13.10622
13.29647
14.1722
14.12259
14.71851
13.80217
14.67193
12.54771
15.10661
15.3453
16.82873
16.67903
16.30214
15.80002
16.198
16.77425
17.53647
15.51914
12.97293
11.81675
8.46096
-9.19156
-6.58229
-5.06113
3.82638
3.85295
3.62845
4.13558
3.34108
-0.19125
-5.07952
-6.57263
13.49958
14.27166
13.59384
13.54138
14.01553
13.75869
13.95547
12.59299
15.36094
14.57861
14.51685
15.02229
15.85838
15.613
16.68088
16.86385
17.22915
15.47079
12.5807
12.19341
10.00038
9.37219
0.35483
-5.88556
3.828
3.85356
3.41391
4.3859
2.27261
-1.48798
8.40874
14.60424
14.58151
14.12863
13.55986
0.39843
-2.12718
0.57127
1.81888
1.10932
0.58352
0.77738
0.383
1.49728
2.68089
3.13185
3.18386
1.77746
-4.75007
2.04083
13.31022
11.89048
10.10939
9.6813
-0.98699
-9.46103
4.02495
4.05072
3.27677
4.3261
2.54823
-2.30684
6.04002
13.88621
14.34901
15.6792
15.48978
1.87295
0.78722
3.3084
3.24584
3.71977
3.39092
1.38311
1.64339
2.29224
3.73506
3.10176
0.17121
0.04587
-2.62534
3.29177
14.09605
12.20476
11.0006
11.38898
2.54526
-4.5556
3.92409
4.04899
3.81802
1.96591
1.09511
-4.97345
4.68857
12.31759
12.21115
5.33097
-6.27382
-2.78264
-0.6493
0.3531
0.13382
0.22237
-0.05884
-1.31899
-0.38751
-0.78685
-0.19823
-0.42334
-1.73835
-1.74775
-3.11163
-4.4829
-5.52249
8.44816
11.28045
12.16514
13.3263
13.71387
3.28564
4.10757
3.57739
-0.05584
3.17728
11.44315
11.16925
12.40821
11.78595
4.76062
-7.253
-1.53816
-0.01382
-0.46521
-0.51603
0.17843
0.0192
-0.27996
-0.59991
-1.1063
-0.12719
-0.2334
-2.39814
-2.10946
-2.37552
-4.42639
-5.84998
8.41333
14.27002
15.21524
16.14239
15.28474
3.53505
4.14176
3.32794
-1.15627
2.74792
15.53823
14.28407
13.75408
14.81956
9.78506
-0.88062
-0.73637
0.37613
-0.36323
-0.18049
-0.32068
-0.48323
0.07988
0.46107
0.37983
1.71703
0.43487
-1.32745
-0.3305
0.60773
-1.08197
-1.03747
13.01384
14.81302
15.81385
15.40007
15.22807
3.15484
3.18851
3.17986
1.85637
2.85598
7.74376
7.4048
7.59667
6.97509
6.4326
2.23726
2.19146
2.73471
2.75537
2.74098
2.2331
1.51798
1.63145
2.39441
2.87355
3.31955
2.64071
1.64277
2.72585
2.74872
2.0541
2.34129
6.483
7.04015
6.91818
7.37253
7.87345
3.42775
3.86112
2.85259
2.78095
3.58075
3.99199
3.36331
3.25353
3.48869
3.68193
3.47769
3.07645
4.00871
3.90592
3.49588
3.10538
3.22783
2.331
3.81312
3.92736
3.19497
3.99949
3.10398
3.30519
3.61267
3.21126
3.81102
3.50171
3.84153
2.93873
3.74993
3.65038
3.6289
3.86173
3.45322
2.48659
3.385
3.89527
3.26628
3.45472
2.99127
3.78102
3.67641
3.77437
3.20402
3.40205
3.39276
3.30197
2.5243
2.82766
2.91037
4.02666
3.79633
3.60241
3.91411
3.71084
3.11191
3.3098
3.21707
3.20342
3.14638
2.94124
3.3495
3.84993
4.03048
3.66282
3.65337
2.98782
4.28184
3.88953
3.27399
3.46391
3.39532
3.68205
3.28022
3.08392
3.21538
3.91465
3.8052
3.10689
2.82921
2.93025
3.02037
3.04023
3.70867
3.2129
3.71342
3.21274
3.31944
3.31539
4.02284
4.01242
3.84854
2.94351
3.44798
3.44963
3.33017
4.06323
3.75517
2.48465
4.07793
3.68659
3.8707
4.06907
3.00867
3.79695
3.39399
2.99565
3.93069
3.23009
3.92158
3.12844
3.34971
2.84777
3.53032
3.94927
3.41642
3.91705
3.41709
3.2176
3.22017
3.5185
3.83003
3.1189
3.8541
3.45316
3.45308
3.2535
3.13055
3.16399
3.7561
3.38369
3.46621
3.17515
3.97105
3.96861
3.70846
3.6973
2.99463
2.9942
3.72873
3.82725
3.81873
3.60508
3.43281
3.14792
3.72948
3.25091
3.41794
3.31794
3.91838
3.01832
3.31863
4.0191
3.62817
3.12529
3.29099
3.36001
3.3521
3.15251
3.33054
3.63054
3.83044
2.84555
3.37205
3.28596
3.48629
3.64681
4.00978
4.00179
3.50177
3.40331
3.52919
3.62797
3.22093
3.06393
3.85053
2.82666
3.57694
3.24108
3.81982
3.61903
3.31959
3.11959
3.21959
3.61958
3.22404
3.42976
3.24547
3.58831
3.17334
3.27377
3.01959
3.41959
3.21987
3.31994
3.819
3.61869
3.81788
3.91808
3.71764
3.51764
3.31814
3.619
3.71963
3.01936
3.11986
3.51932
3.01935
3.81985
3.01949
3.11931
3.11982
4.01903
3.01959
3.81959
3.81959
3.61958
3.11955
3.61933
3.71866
4.01844
3.81874
3.31915
3.01959
3.51959
3.91984
3.21991
3.11902
3.61875
3.61782
3.91805
3.81761
4.01761
3.61812
3.31901
3.51963
3.81934
3.51983
3.91933
3.11936
3.01981
3.2195
3.71932
3.41982
3.71903
3.51959
3.21959
4.01959
3.21958
3.61955
3.91934
3.21867
3.51845
3.9187
3.31911
4.01959
3.81959
3.11982
3.81991
3.71898
3.71875
3.81778
3.41777
4.01733
3.91733
3.71798
3.51902
3.11963
3.31934
3.51984
3.51933
4.01936
3.41981
3.5195
3.81932
3.11982
3.51903
3.31959
4.01959
3.51959
3.41958
3.61956
4.01944
3.51881
3.51848
3.4187
3.71911
3.21959
3.61959
3.1198
4.01988
3.01933
3.51907
3.61809
3.31775
3.21732
4.01734
3.21834
3.41935
4.01994
3.01932
3.01982
3.31933
3.51936
3.11983
3.21949
3.41932
3.3198
3.2192
3.31959
3.81959
3.71959
3.21958
3.61962
3.51971
3.0194
3.21888
3.01838
3.31912
