0.29829
-0.29979
-0.40005
-0.37601
0.20519
0.54014
-0.92147
0.6042
0.66614
0.65931
1.08291
0.70748
0.75566
0.12721
0.20695
1.56521
0.76979
1.22157
-0.2776
0.24623
1.90018
-0.08734
-0.6132
-0.76403
-1.19293
-1.87754
1.20311
2.49396
1.0984
0.42833
1.44816
-0.43784
-0.30259
-0.10069
0.49843
-0.17269
-0.08267
0.04218
-0.12328
-0.04833
0.91188
0.37589
1.16376
1.67601
1.31999
1.85831
2.18743
2.73166
0.75359
1.51016
-1.42951
-1.07014
-0.03943
0.48293
-0.93177
-1.06497
-0.44317
-0.50205
0.59623
0.28184
-0.51642
0.47145
1.64617
-0.7486
-0.10131
-0.49937
-0.2981
-0.16607
0.08295
0.4651
0.55571
0.61072
1.20756
1.61577
0.74124
1.56769
1.31732
0.9515
1.99266
2.69047
-0.8531
-0.3728
-1.75276
-1.97656
0.45422
0.38938
-1.09337
-0.75057
-1.15427
-0.94264
0.21186
-0.00965
-0.89109
-0.49301
0.82095
0.63709
-0.38864
0.41326
-0.19374
0.5365
-0.20475
0.01244
0.10586
-0.29419
-0.17812
-0.04952
-0.12977
0.39773
0.25952
0.72539
1.25546
2.12594
-0.52835
-1.18383
-0.38879
-1.23223
-0.21467
1.56197
0.34539
-0.13737
-0.00652
1.21211
-0.11269
-0.09883
-1.35272
-1.2195
-1.30382
0.36781
0.31024
-0.38639
0.11242
-0.05551
-0.01896
0.38735
0.44891
0.61667
0.58505
-1.11583
-0.00459
-0.04347
0.56141
1.1342
1.69759
0.26503
-2.59268
-2.66784
-1.36486
-0.93591
-0.00822
0.82849
-0.31543
0.34609
-0.30888
0.87423
1.33995
1.04389
-1.42467
-1.30229
-2.14561
-0.76428
0.50197
0.20567
0.21212
-0.16006
-0.17827
-0.28108
0.49441
0.34574
0.91799
-0.29813
-0.40768
-0.35693
-0.57765
1.31729
1.65026
0.56886
-2.31573
-1.58259
-1.51404
-0.47751
0.38531
0.79894
-0.10068
-0.00756
-0.50049
0.84193
1.76198
1.13771
-0.40468
-1.06771
-1.68045
-1.26039
-0.20812
0.39436
0.29344
-0.07346
-0.30669
0.16896
0.30441
0.3896
0.63227
-0.56387
0.46993
0.32522
-1.31466
0.13325
2.30564
0.13698
-2.30785
-1.69023
0.26146
0.25167
1.0468
0.36331
-0.58946
-0.30159
-0.24349
1.32
0.9122
0.93912
0.63958
-0.85202
-1.53004
-1.9203
-0.44444
-0.04205
0.174
0.21511
0.54277
-0.17151
0.96949
0.64625
-0.20988
-0.60261
-1.12391
-0.53379
-0.52578
0.61795
1.81538
0.30249
-1.62594
-1.31708
0.42053
0.65342
0.16534
0.12522
-0.09556
0.51201
0.50141
1.4328
0.4212
1.19814
0.47219
-0.38172
-0.93736
-1.04467
-0.48282
-0.38055
-0.5339
0.00701
0.50682
-0.35323
0.469
0.92096
-0.67432
-0.67387
-1.34128
-0.11424
1.00703
0.99141
2.00104
0.3784
-1.98924
-1.51226
1.08657
0.61596
-0.16133
0.56207
-0.04239
0.59045
0.62126
1.60542
0.27498
0.17651
0.96489
-1.32404
-0.9699
-0.87369
-0.00364
-0.10124
-0.32507
-0.18885
-0.12023
0.31709
1.48871
0.99212
-0.99713
-0.28023
-1.20063
0.26941
1.42054
2.30168
3.01763
0.97569
-1.92556
-1.12842
1.24835
1.23452
1.19341
0.06685
-0.41109
0.76822
0.34777
0.93198
0.90335
0.34095
1.47114
-0.12026
-1.50571
-0.80542
-0.30462
0.2978
-0.1253
0.41097
0.30043
-0.03982
2.03379
1.38703
-1.65088
-1.16097
-0.01894
0.91824
1.26518
1.86954
2.78035
0.1924
-2.06658
-1.34003
0.74144
0.31003
0.72498
0.40515
-0.24779
-0.58676
0.37191
0.7966
1.6328
0.21958
1.08991
-0.35043
-0.8661
-1.05742
0.00157
-0.24544
-0.08861
-0.54818
0.25949
0.06105
1.4849
1.43423
-2.12421
-0.90067
1.49159
2.2933
1.29166
0.38494
2.63518
0.58104
-1.57599
-1.11048
0.67969
0.70027
0.07878
0.33936
-0.32752
-1.19223
-0.44017
1.30205
1.6386
0.90507
0.2711
-1.29884
-1.25003
-1.02199
0.38988
-0.26011
-1.48964
-1.55327
-1.28534
-1.59675
-1.4996
-1.16131
-1.94272
-1.21203
1.25744
0.83685
0.62602
0.08023
1.79786
0.90205
-1.66336
-1.03484
0.58638
0.76439
-0.04297
0.38103
-0.85418
-1.06592
0.4148
1.79849
1.13016
1.7498
1.82847
-0.40924
-1.66042
-1.49683
0.73059
-0.41975
-1.05723
-1.12095
-1.97083
-2.55348
-1.1273
-2.52411
-0.79414
-0.42183
1.08685
0.60513
0.76297
1.43237
3.00502
1.22373
-1.73855
-0.80711
0.87934
0.68557
0.82333
0.30375
-0.44121
0.47536
1.00154
1.96747
0.70175
1.2644
1.95784
-1.19014
-1.57893
-0.66749
1.11444
-0.84071
-0.9835
-1.34396
-2.33149
-1.03546
-1.58806
-2.65849
-1.16452
-0.89277
0.907
0.38302
0.19086
-0.33875
1.10482
-0.01888
-2.51911
-2.14166
-0.24823
-0.01511
-0.48087
-0.39869
-0.7306
-0.07174
-0.82084
1.37523
0.72231
-0.35494
0.81265
-1.87187
-2.07614
-1.76179
0.09447
0.09728
-0.02704
0.10366
-1.10276
-0.03979
-0.1264
-0.84593
0.10308
-0.06572
-0.08019
0.09964
0.1159
0.06433
1.92781
-0.09942
-2.58146
-1.77371
-1.97439
-0.51342
0.00661
-0.24621
-0.67312
-0.60451
-0.55174
0.98526
1.2142
0.06309
-0.64985
-1.53507
-1.3726
-1.78269
-0.49768
0.09503
0.68935
0.52145
-1.03556
0.73788
-0.74052
-0.60525
-0.17605
0.03513
-0.11511
-0.8866
-1.11631
-0.22425
0.7046
-0.40407
-2.61703
-2.30329
-2.35134
-1.32426
0.04052
-1.45172
-1.29822
-0.48934
-0.7758
0.84529
1.37344
0.02357
-1.25715
-0.625
-2.08271
-1.86334
0.19604
0.09014
0.09774
-0.30195
0.48991
0.53666
0.71688
1.28298
1.02144
0.60737
0.58558
0.12685
-0.03766
0.17037
1.49793
1.61208
-0.55006
-1.5899
-0.97879
-2.01176
-0.5674
1.26752
-0.01162
-0.08543
-0.26148
1.24024
1.20235
-0.51386
-0.61915
-0.55342
-0.77032
0.37171
0.21198
-0.57513
0.93442
0.68476
1.00925
0.71289
0.66797
1.10886
1.6619
1.23489
1.12665
0.96062
1.85722
1.01064
2.04235
1.92435
1.31497
-0.69607
-1.06281
-0.56012
-0.8797
-0.27014
-1.63957
-1.92353
-2.40201
0.15587
-0.47594
-0.36469
0.44427
0.04762
-1.02685
0.04556
-0.28317
-0.0073
1.05878
1.56204
1.38851
1.28723
2.04673
2.29832
2.41008
1.74971
1.21174
1.13092
2.01372
1.98565
1.78318
1.99649
1.59303
2.13107
-0.93592
-1.2461
-0.9582
-0.95881
-1.74055
-1.74446
-2.47011
-0.57661
-0.35458
-0.29296
-0.75844
-0.29289
0.95323
0.67654
0.52274
-0.72274
0.73746
1.3495
1.34642
1.98137
1.74979
1.95004
1.21494
0.62419
0.38891
1.1955
1.78762
0.99362
1.51689
1.54634
1.09444
1.53323
0.42079
-0.13578
0.78365
-0.83237
-1.88903
-2.02715
-2.71177
-1.4267
0.37138
0.3018
0.39493
0.48916
0.49427
0.24987
0.21226
0.16965
0.11599
1.6486
-0.23733
0.49982
0.7843
0.55471
0.39838
-0.24519
0.75042
0.3703
0.18824
-0.08357
0.02765
0.67807
1.32333
1.72513
0.23917
-0.02737
0.34559
-0.24705
-0.34465
-0.93351
-1.33753
0.07513
-0.49205
0.80968
0.23525
0.53116
0.52057
0.64461
-0.5178
-0.65937
0.69601
1.18546
-0.51579
-0.24618
0.05916
0.01482
-0.49121
0.22098
0.24427
-0.02666
-0.50179
0.12
-0.46753
-0.18039
0.84565
1.05417
0.77459
-0.62586
-0.46696
-0.38232
0.14873
0.1009
-0.37875
-0.1737
-0.0839
0.0846
0.30781
-0.18577
0.41159
-0.49137
-0.31858
-0.25943
-0.00402
1.47696
-0.80952
-0.10293
0.22203
-0.12654
0.04427
-0.44519
0.57009
-0.22556
0.00262
-0.26736
0.05575
-0.42498
0.99467
1.60709
0.6351
0.33144
0.08826
0.01457
0.26421
0.48066
0.37737
0.42988
-0.39002
0.21269
0.55691
0.46083
0.25901
-0.35629
0.39256
-0.64707
0.81152
1.39756
-0.39027
-0.18178
0.04086
-0.35598
0.01197
0.07583
0.59302
-0.30142
-0.07031
0.46787
-0.21254
0.10067
1.2202
1.15425
0.28818
-0.19507
0.34713
0.52284
0.23843
0.15255
-0.24774
-0.15313
0.04326
0.345
-0.01695
0.58547
-0.20827
0.29312
0.38117
-0.2584
0.80221
1.38969
-0.30122
0.51513
-0.35651
-0.44884
-0.06581
-0.44044
0.46086
-0.23133
-0.08835
-0.52023
-0.40321
-0.38755
1.73133
1.14767
0.57154
0.39308
0.15572
-0.4503
0.54267
0.43187
0.02763
-0.17552
0.22134
0.52721
0.19405
-0.00448
0.29449
0.49368
0.17957
-0.16123
0.49969
1.48687
-0.08563
0.03483
-0.05427
-0.37004
0.11907
-0.06586
-0.26807
0.23814
0.28626
-0.32124
-0.20487
0.13632
1.00149
1.52196
0.33702
0.33729
-0.10074
0.1964
0.19754
-0.00501
-0.2053
-0.40465
0.39189
-0.20595
0.05215
0.47108
-0.12126
-0.02082
0.37955
0.09935
0.65933
0.57143
-0.29242
0.44511
0.0456
0.05002
-0.38513
0.22615
0.42497
-0.46933
0.29345
-0.31232
0.29896
0.31682
-0.642
1.10287
0.76035
-0.34024
-0.19906
-0.50117
-0.40049
0.49951
0.39951
-0.50045
0.39496
-0.30654
-0.39231
0.25253
-0.13201
0.06852
-0.50043
-0.50012
-0.39917
0.48808
0.32513
-0.46886
-0.37587
-0.41607
-0.40639
0.39946
-0.00377
0.30136
-0.29579
0.4002
0.50084
0.49917
-0.50082
-0.20069
-0.40085
0.20043
0.20094
0.49883
0.19951
0.39951
-0.40049
0.19955
-0.20347
-0.50157
-0.37119
-0.37061
0.13258
0.33304
-4.3E-4
-0.50012
-0.39988
-0.41263
-0.17491
-0.46908
0.42485
0.28629
-0.30308
-0.29723
-0.30207
0.40289
-0.49537
7.4E-4
0.20031
-0.50086
0.39919
0.39935
0.49916
0.50044
0.30094
0.39883
-0.40049
-4.9E-4
0.09951
0.19955
0.29651
0.49864
-0.07064
-0.47055
-0.06745
0.33308
0.29957
0.19984
0.09721
-0.01512
-0.48082
0.02462
0.32727
-0.01089
-0.3999
-0.09433
-0.49919
0.4968
-0.00138
-0.40047
-0.20039
-0.20086
-8.1E-4
-0.50065
-0.10084
-0.09956
9.4E-4
0.39883
0.49951
0.29951
-0.50049
-0.10045
0.29642
-0.20074
0.42698
-0.27201
-0.06742
0.33326
-0.30049
-0.40046
0.2961
-0.31481
0.01703
-0.17765
-0.36888
-0.50349
-0.09254
-0.48758
-0.19417
0.49362
0.09521
0.49886
-0.50106
0.19914
0.29919
-5.9E-4
-0.40085
-0.39956
0.30095
-0.30104
0.29951
0.19951
-0.50049
-0.10043
0.49797
0.49389
0.47961
0.11842
-0.16862
0.53449
