0.2776
0.3801
0.4824
0.11546
-0.14992
-0.20789
0.43498
-0.53085
0.34796
0.24753
0.41548
0.34824
-0.07448
-0.19049
-0.41707
-0.17074
1.00399
0.82865
0.37573
0.11455
0.31976
0.82889
-0.18004
-0.3668
0.23764
0.25087
0.01597
-0.10642
0.4516
-0.4709
-0.16235
0.11855
0.57784
0.18034
0.18232
0.41517
0.45065
-0.50502
-0.35288
-0.32449
-0.33723
-0.41622
0.42565
0.40813
0.48189
0.14528
0.42746
0.50685
0.97257
0.96233
-0.08343
0.63295
-0.16221
0.53346
-0.02377
-0.05652
-0.17678
-0.02633
-0.32452
-0.36043
-0.07911
0.28127
-0.05633
-0.58878
0.5776
0.3801
-0.31753
0.21626
-0.34275
-0.49817
-0.4937
0.18492
-0.64852
-0.48324
-0.10472
-0.05021
0.29622
-0.23875
0.62452
0.46925
0.00185
0.52535
-0.09354
0.92875
0.53392
-0.16489
0.13709
-0.30018
0.18819
-0.64567
0.23296
0.32977
-0.25036
-0.45397
-0.69697
-0.26451
-0.02219
-0.01969
-0.21817
0.01533
-0.33915
0.2121
-0.30964
0.06212
-0.4544
0.15621
-0.44724
0.4375
0.36638
0.24799
0.07418
0.6697
0.53272
0.28925
-0.06221
0.06536
0.3575
0.97482
0.61331
0.662
0.47096
-0.0748
0.15889
-0.65563
-0.28075
0.31516
-0.0608
0.02443
0.37804
-0.4194
0.58153
-0.08475
-0.34352
0.2082
-0.19477
-0.51818
-0.59559
-0.52592
0.33409
-0.29642
0.33749
0.26187
0.77023
0.0669
-0.15935
0.22357
0.23926
0.50494
0.43069
0.2629
0.81692
0.0628
0.21924
0.15293
-0.30887
-0.09726
0.31401
-0.07893
0.27961
0.09728
0.4777
-0.32009
-0.11809
0.1163
-0.05183
-0.00117
-0.00624
0.16691
-0.38549
0.50091
-0.15435
-0.29559
0.0357
0.35971
0.90994
-0.15604
-0.1008
-0.46081
-0.15797
-0.33007
-0.16049
0.28336
0.79476
0.78606
-0.82435
0.08239
0.06437
-0.58695
-0.38523
-0.2732
-0.40222
-0.20218
0.17852
0.28072
0.08062
0.41448
0.63993
0.28989
-0.29318
-0.60239
0.42933
0.48727
0.51549
0.1411
0.04997
0.52288
0.50186
0.54933
0.27642
-0.09126
0.24954
0.07987
0.61958
0.2448
0.01795
0.37921
0.27235
0.30077
0.29907
-0.20338
0.37826
-0.26023
-0.29002
-0.08997
0.08255
-0.11513
-0.11901
-0.08558
-0.06746
-0.31596
0.23123
0.23617
-0.30043
0.46531
-0.37649
0.56683
0.51718
0.11999
-0.07701
-0.07964
-0.54702
-0.31707
-0.02605
0.55939
-0.47934
0.45488
-0.32334
0.11765
0.50586
0.25819
-0.51398
0.37457
0.44259
-0.43099
-0.39072
-0.39093
-0.41587
-0.01349
-0.21868
0.11419
-0.17147
-0.02113
-0.16181
-0.35128
-0.0401
0.36191
-0.5578
0.7816
0.01037
0.95278
0.16773
-0.65776
0.41403
0.30426
-0.017
0.4964
-0.32397
-0.80184
0.42641
0.69491
0.81343
0.25032
-0.06743
-0.51075
-0.02942
0.00832
0.1874
-0.11166
-0.2149
0.18744
0.48246
0.11499
0.52675
-0.14132
-0.57962
0.0492
0.32011
0.02579
-0.19535
0.79615
0.16498
0.29544
0.40796
0.00243
-0.2206
-0.20209
-0.4739
-0.18325
-0.51762
0.29529
0.42014
0.75623
-0.02081
0.47074
0.44613
-0.15474
-0.4458
-0.55189
0.3955
-0.20511
-0.11554
0.08678
0.38281
-0.28433
0.13599
-0.15748
0.10454
0.06121
0.20774
-0.08072
0.32573
0.77905
0.23663
-0.22277
0.49074
-0.50285
0.42781
-0.23865
0.32991
-0.13822
-0.11271
-0.32405
-0.06312
-0.07914
0.65579
0.12736
1.0481
-0.04693
-0.19548
-0.12923
0.32745
0.43358
0.29367
0.17872
0.06345
-0.10257
-0.07014
0.34048
-0.6374
-0.58906
0.27721
-0.47923
0.53066
1.0195
0.96116
-0.61877
-0.43041
0.4321
-0.44452
0.23432
0.4408
0.53116
-0.24474
0.55146
-0.15557
-0.037
0.03
-0.10329
0.60479
0.42697
0.10519
-0.16833
0.02182
-0.25663
0.12257
0.45432
0.11259
0.14613
0.37903
-0.6074
0.12626
-0.34257
0.07496
-0.38695
0.02215
0.81645
0.1096
-0.01488
0.37458
-0.1976
-0.12509
0.35619
0.49936
-0.12646
0.16006
0.55821
-0.42658
0.22829
-0.05933
0.87719
-0.06308
0.0527
0.31505
-0.19016
0.00543
0.34789
0.52141
-0.04702
-0.18135
-0.14866
0.23482
-0.35839
-0.51847
0.15554
0.82686
0.34757
0.16453
1.04581
0.07109
0.98385
-0.00896
0.13429
0.13392
0.54983
1.00685
0.66953
0.12594
0.40211
0.74473
0.45499
-0.03054
0.27408
0.38607
0.41648
0.79922
-0.68054
-0.40539
-0.03506
0.11904
-0.34428
-0.17204
0.16091
0.42992
-0.60768
-0.45972
-0.03128
-0.02883
0.58885
0.76672
0.15355
0.24405
-0.25365
-0.0696
0.26801
0.68745
-0.0608
0.27926
0.76523
0.23765
0.95332
-0.03367
0.68598
1.00282
0.02147
0.08281
0.20155
-0.15249
-0.23652
0.13407
-0.19544
-0.42106
-0.41878
0.29672
0.22965
0.11053
-0.65541
-0.73328
0.17204
0.13785
0.23291
0.72555
0.72121
0.31334
0.33495
0.11471
-0.0337
0.14422
-0.10028
-0.14075
0.12955
-0.02824
0.95184
0.45269
0.47045
0.78787
0.72626
0.41919
0.80885
-0.2392
0.35418
0.3998
-0.70389
0.18108
0.28348
0.29329
0.23238
0.01533
-0.40024
-0.22356
0.27987
0.7016
0.7406
0.53631
-0.11379
-0.31452
-0.70563
0.04551
-0.43998
-0.03833
-0.13724
-0.33786
0.10749
-0.15232
0.32328
0.03093
-0.16133
0.27055
0.38638
0.80076
0.875
-0.03795
0.65483
-0.14846
-0.19343
-0.22032
0.38214
-0.11644
0.13739
-0.33536
0.27525
0.24727
0.66079
-0.20226
0.14859
0.5493
0.32953
0.38529
-0.04031
-0.13682
-0.16169
-0.20529
-0.00433
-0.40629
0.18685
0.41722
0.08608
-0.37893
-0.27156
-0.24722
0.24163
-0.00382
0.72931
-0.04658
-0.13887
0.44597
-0.45688
0.57613
0.18952
0.45519
0.52001
0.11918
-0.78944
-0.13885
-0.12322
0.02128
-0.35675
0.19494
-0.30811
0.33533
-0.44622
-0.08126
0.0258
0.51152
0.07567
0.01847
-0.00549
-0.29018
0.52263
0.06385
0.27169
-0.04686
-0.64972
0.24813
0.18445
0.2278
0.33183
0.72914
-0.05414
0.27996
-0.30589
0.25152
-0.24961
-0.33035
0.43908
0.67492
0.39278
-0.29794
-0.23495
0.07925
0.18966
0.41934
0.11409
-0.19044
-0.48631
0.21256
-0.07899
0.29532
0.20413
0.51628
-0.38265
-0.1425
-0.23366
0.47429
0.22683
-0.53531
0.53782
0.61852
0.48018
0.41381
0.61584
-0.11299
0.09923
-0.34943
0.00558
0.14452
-0.04043
0.74612
0.02267
0.34562
0.20321
-0.40431
0.30484
-0.29692
0.46082
0.26294
-0.29174
-0.29091
-0.38786
0.54444
-0.32063
-0.11026
-0.50895
-0.07961
-0.27368
-0.16506
-0.66173
0.39696
0.24109
-0.11037
0.5074
0.70323
-0.09971
0.28134
0.59602
-0.25035
0.06568
0.08112
0.36737
0.53583
-0.36859
0.0437
0.05636
-0.34925
-0.44472
0.36054
-0.35692
0.04458
0.27643
-0.37869
0.0186
-0.02807
0.49918
-0.20063
-0.2437
0.33451
0.43115
0.03196
-0.29757
-0.45945
0.55408
-0.14037
0.15625
0.34596
0.34626
0.37966
-0.30571
0.34888
0.00503
-0.28856
0.17848
0.57757
-0.42708
0.47702
-0.42279
-0.41963
0.08615
-0.11212
0.58777
0.38724
0.20096
-0.08136
0.32002
-0.1285
0.39321
-0.21297
-0.21417
0.38865
0.38811
0.58581
0.58529
-0.02069
-0.41877
0.27175
-0.22801
-0.22812
-0.12797
-0.32048
-0.00564
0.24735
0.1031
0.51001
-0.2226
-0.02284
-0.42633
0.17447
-0.22403
0.47771
0.47728
-0.0208
-0.12174
-0.02124
-0.00205
0.11457
0.51447
0.56702
0.48875
0.18324
0.08233
0.38296
0.38069
0.37652
0.1774
-0.42503
-0.12446
-0.42885
-0.12859
-0.02936
-0.22814
0.57908
0.49385
0.04701
-0.19609
0.1088
0.37543
0.47496
-0.02517
0.17348
-0.02626
-0.32431
-0.42299
-0.02074
0.47873
0.57867
-0.00329
-0.18742
-0.38859
-0.23622
0.28538
-0.01969
0.17852
0.28104
0.07785
0.57634
-0.42253
-0.32593
-0.42534
0.17223
-0.42765
0.37083
-0.42935
0.57889
0.59405
-0.25198
-0.29502
0.60844
-0.32327
-0.32405
0.37525
0.37421
0.07458
-0.02568
-0.42573
0.17594
0.37585
0.57502
-0.41155
0.50446
0.30439
0.45662
-0.22091
-0.42445
0.37561
-0.3241
0.27755
0.17621
0.47634
0.3762
-0.12298
0.3734
-0.32688
0.27213
0.27193
-0.42111
-0.40604
0.14799
0.40478
0.20711
-0.02388
0.27511
0.17755
-0.42428
-0.02421
0.47683
-0.12388
0.47784
0.37776
0.17718
-0.41209
-0.46292
-0.49377
0.15804
-0.01814
0.07842
0.57838
-0.02126
0.07845
0.1783
0.37834
-0.12195
-0.12118
-0.42206
-0.3247
-0.3262
0.47361
-0.42109
-0.00982
0.5567
-0.37578
0.39731
-0.02356
-0.02409
0.07758
-0.42356
0.07685
-0.4233
-0.22325
0.07819
0.17807
0.57763
-0.01739
-0.20706
0.02473
0.0624
0.48003
-0.22201
-0.02225
-0.22219
-0.32219
-0.12219
-0.12218
-0.42228
0.178
0.2761
0.17731
0.37504
-0.22517
0.07782
0.27783
0.07779
0.07783
0.57742
0.07719
-0.32331
-0.22198
0.47796
-0.12217
-0.02224
0.2778
-0.42229
-0.12229
0.37768
0.07806
-0.42198
0.17748
0.37775
0.57787
0.07799
-0.22225
-0.22219
0.57781
-0.42219
0.17782
0.27792
0.27832
0.57717
-0.4228
-0.02294
0.1766
0.27782
-0.42217
-0.3222
-0.12216
0.47744
0.37721
-0.02333
0.17789
-0.42213
0.37774
-0.22223
0.47786
0.27772
0.07773
-0.42231
0.57808
0.27806
-0.22227
0.07777
-0.02211
-0.02201
-0.32225
-0.22219
-0.22219
0.57781
0.47782
0.07792
-0.02168
-0.02279
0.37729
-0.22296
0.47685
0.27782
-0.42217
0.2778
0.57785
-0.42262
-0.12278
-0.0233
0.07774
-0.02228
0.57759
-0.02222
-0.4222
0.4777
0.37773
0.37769
-0.02192
0.37806
0.47773
-0.22223
0.17789
0.37799
0.37775
-0.32219
-0.42219
-0.12219
-0.12216
0.17789
0.27791
0.07738
-0.42266
0.37705
-0.32315
-0.32219
0.17782
-0.22214
0.57795
0.07752
0.27726
0.47671
0.4777
0.17767
0.07757
0.07772
0.37786
0.2778
0.27778
0.27774
0.07808
-0.22194
0.57777
0.47777
0.37789
0.47799
-0.42224
0.07781
-0.02219
0.07781
-0.12216
-0.12216
0.37793
0.57846
-0.12241
-0.32306
-0.32311
