-0.18691
0.31309
0.10486
-0.39513
0.10833
0.37486
-0.54605
-0.03751
-0.33753
-0.44705
-0.05349
0.10096
0.11799
0.4268
-0.58296
-0.28636
-0.01694
-0.14801
-0.3793
-0.47157
-0.17023
-0.17332
-0.17019
-0.04412
0.05961
0.06563
-0.12732
-0.42732
0.01309
-0.28691
0.00486
-0.39513
0.30473
-0.15073
-0.37378
-0.46452
-0.37949
0.32516
-0.19778
-0.00604
-0.50723
0.29483
-0.60697
0.2924
-0.04391
-0.42167
-0.03047
0.37081
-0.07273
0.2158
-0.18543
0.45105
-0.43662
0.35064
0.15213
-0.54787
0.11309
0.31309
0.30486
-0.39512
-0.49645
0.34604
0.09272
0.17987
-0.49589
0.12195
0.00716
-0.19617
0.19567
-0.30863
-0.04057
-0.14191
0.05524
0.27061
-0.32698
0.27387
-0.00497
-0.00429
-0.38148
0.36011
-0.4482
-0.26033
0.15105
0.15105
0.1131
0.5131
-0.50154
-0.00407
0.37855
-0.47438
-0.18253
0.2479
0.24445
0.25968
0.05732
-0.16729
-0.09403
0.22425
0.09853
-0.61292
0.14361
0.22036
-0.14702
0.1238
-0.28187
0.22714
-0.02067
-0.32667
-0.12541
0.47675
0.16781
0.2669
-0.39418
0.10582
0.29531
0.19465
-0.01558
-0.31536
0.06786
0.28427
0.35164
-0.45767
-0.34928
-0.02926
-0.4643
0.24079
-0.47087
0.27541
-0.05936
-0.06717
0.38945
0.2685
-0.04607
-0.14915
-0.41863
-0.21599
0.40116
-0.29762
-0.10861
-0.00571
-0.39565
0.30435
-0.50504
0.09489
0.28546
0.38435
0.05461
-0.5224
-0.53825
-0.03664
-0.07293
0.34351
-0.16582
-0.37032
0.04919
0.19266
-0.27612
-0.37104
-0.20316
-0.5342
-0.03312
-0.12726
0.48207
0.29662
-0.48412
0.31614
0.49075
0.09242
0.10435
0.30435
-0.5042
-0.2042
-0.2013
-0.56133
0.19712
0.4214
-0.14679
-0.46124
0.12975
-0.2594
0.35722
0.25464
-0.51268
-0.58338
0.10938
-0.38567
-0.00218
0.04259
-0.03039
0.38108
0.48259
-0.29993
-0.17992
-0.18244
-0.52025
0.07975
0.00435
0.10435
-0.4042
0.2958
0.40202
0.34935
0.31414
-0.36571
-0.42477
0.15549
0.442
0.43893
-0.53277
0.17022
0.49074
0.01977
0.20997
0.22305
-0.40038
-0.25581
-0.3304
-0.32006
0.18606
-0.29294
0.12635
-0.07828
0.17975
0.07975
0.50435
-0.29565
-0.2042
0.3958
-0.09361
-0.24953
0.31452
0.43095
0.35785
0.13562
-0.55914
-0.04698
-0.00562
-0.2049
-0.10923
-0.18066
0.01
0.22127
-0.2159
-0.56022
-0.43118
0.38029
-0.31083
0.01135
0.12694
-0.47661
0.47606
0.07585
0.50435
0.40435
-0.1042
-0.2042
0.08839
-0.35001
0.01401
-0.57494
0.11415
0.01331
-0.04501
-0.31768
-0.30057
0.29963
-0.40908
0.42239
-0.18626
-0.37974
-0.32317
0.03651
-0.13259
0.37802
-0.41097
-0.18557
-0.47373
-0.37616
0.07307
0.47307
-0.49565
-0.09565
0.29621
-0.30372
-0.41627
-0.55445
0.11179
0.37661
-0.63052
0.21815
-0.21865
0.38577
-0.5195
-0.42303
-0.13042
-0.37247
0.01313
0.31955
0.47156
-0.27003
-0.03865
-0.22613
0.4852
-0.28317
0.2305
-0.37423
0.17311
-0.12689
0.10435
-0.49565
0.39622
-0.10372
0.37933
-0.33391
0.42587
-0.41875
-0.22193
-0.47115
-0.34347
0.07336
0.3712
-0.21983
0.36657
-0.58334
0.12967
0.2165
0.18908
0.18239
-0.42772
-0.32618
0.28746
-0.0775
-0.27272
-0.3804
-0.52689
0.37311
0.50483
0.40483
0.29625
-0.40376
-0.40463
-0.50608
0.22101
0.01574
0.30954
-0.33842
-0.51606
0.49988
-0.29986
-0.18826
0.19736
0.24022
-0.54388
0.44883
-0.47926
-0.29062
-0.10588
-0.13544
-0.23006
0.11406
0.01299
0.20253
-0.02648
0.27349
0.40483
-0.39517
0.39604
-0.12783
-0.54213
0.28059
0.04723
-0.1898
0.48648
-0.11138
0.09538
0.21019
0.11122
-0.07643
-0.29077
0.4619
-0.30044
0.19466
-0.34262
0.14518
0.4949
0.04491
0.14086
-0.29512
-0.22047
-0.22607
-0.12613
-0.52613
0.20483
-0.19517
0.19652
0.1697
-0.04941
-0.22128
0.33176
0.14727
-0.05103
0.08729
0.48678
0.30047
-0.00134
-0.30946
0.18797
-0.44686
0.16756
0.19746
-0.19104
0.27369
-0.05218
0.32727
-0.4962
-0.17567
-0.1661
0.4285
0.13778
-0.46222
0.00894
-0.49106
0.49793
-0.5301
0.4514
-0.23899
0.11908
-0.16972
-0.27
-0.17986
0.03677
0.06709
0.17911
-0.30801
0.59319
0.15884
-0.1293
0.07299
0.49201
0.16269
0.52166
0.1231
0.03738
-0.27237
0.4273
0.52496
-0.27319
0.3278
-0.48642
0.01358
-5.1E-4
-0.13014
-0.44351
-0.15121
-0.19194
-0.38694
-0.08723
-0.25083
0.4907
0.62165
-0.06804
-0.04362
-0.32685
-0.10023
0.0802
-0.15792
-0.32528
0.472
0.24265
-0.45429
0.47092
0.0588
0.06
-0.24177
-0.44476
-0.34392
0.01336
0.11336
-0.29498
-0.11613
0.38504
0.26178
-0.4515
-0.25926
-0.26532
0.54812
-0.40082
-0.16952
0.16283
0.4942
0.49439
0.60762
-0.40901
-0.1035
0.21274
0.56176
0.35285
0.04832
-0.3319
0.40516
-0.39994
-0.4213
0.49149
0.2915
0.0131
0.1131
-0.39535
0.40181
0.00789
-0.51144
-0.44405
-0.56263
0.12478
0.33552
0.63311
0.26445
-0.11749
0.69607
-0.01731
0.42069
0.60614
-0.30649
0.50398
-0.39888
-0.06045
-0.36191
0.45723
-0.29899
0.30065
-0.10179
-0.2875
-0.28773
0.01311
0.11311
0.50465
0.00499
0.11133
0.09332
0.05447
-0.35603
-0.54124
-0.12761
0.63707
0.65485
-0.33101
-0.33163
0.05018
0.08582
-0.22511
-0.2498
-0.33085
-0.31914
0.00296
-0.2985
-0.18438
-0.03826
-0.12406
0.4782
0.09075
0.5909
0.21311
-0.18689
0.50465
-0.19503
-0.18912
0.39322
0.16969
-0.43909
-0.41904
0.34586
0.1756
-0.13338
-0.02749
-0.13247
0.04517
0.05736
-0.56506
-0.29757
-0.45514
0.0031
-0.39343
-0.49439
-0.48976
-0.5389
-0.32319
-0.21473
-0.29854
-0.39867
-0.2869
-0.3869
-0.49536
0.09684
-0.51405
-0.01024
-0.22881
0.37336
0.49747
-0.2487
-0.32506
0.08433
-0.205
0.05646
-0.26373
-0.15197
0.44417
-0.26534
-0.43005
0.1132
-0.4948
-0.48924
-0.37882
0.26949
0.48291
0.28642
-0.29773
-0.49785
0.11304
0.01304
-0.39543
-0.19506
0.07876
0.28362
-0.22063
-0.20159
0.35278
-0.03509
0.47088
0.25797
-0.05129
-0.08113
-0.19446
-0.33153
-0.03345
0.36238
0.37016
0.34052
-0.06176
-0.15632
-0.05222
0.37898
0.29473
-0.49947
0.3128
-0.38668
-0.18698
0.11302
0.30451
-0.19912
-0.1283
-0.22446
-0.20574
0.52329
-0.15854
0.44711
-0.15778
0.12344
0.39419
0.27841
-0.00984
-0.49265
-0.19039
0.01285
-0.48829
-0.40646
-0.31006
0.0873
-0.51
0.32301
-0.06019
0.52289
0.23605
0.03586
-0.28698
0.11302
0.19733
0.29471
0.37555
-0.16406
-0.25319
0.42872
-0.28603
0.52075
0.22004
-0.48649
-0.48303
-0.48058
0.11942
-0.47327
0.0386
-0.06147
0.23871
0.03901
-0.16361
0.4246
0.02354
-0.06727
-0.33575
0.4444
-0.45301
-0.3531
0.51302
0.21302
0.48531
-0.32647
0.47182
-0.17306
0.52163
-0.46988
0.1246
0.31849
0.11351
-0.38647
-0.28304
0.01941
-0.08064
-0.47387
-0.16172
-0.06172
0.04064
0.34513
-0.36424
0.42954
-0.45892
0.15199
-0.42847
-0.45031
0.04699
-0.2531
-0.48696
0.51304
0.38597
-0.42864
0.27145
-0.27132
-0.27093
0.14052
-0.3752
-0.48525
0.11341
0.51491
-0.27719
-0.07314
-0.17337
-0.06892
-0.15663
-0.35627
0.14877
-0.24404
0.24121
-0.36123
0.34633
-0.04468
0.37065
0.5512
0.24699
0.0469
0.0131
0.0131
-0.30952
0.17483
0.1771
0.53796
-0.3576
0.54977
0.1232
-0.08572
0.31393
0.01633
-0.36908
-0.36137
-0.06163
0.24212
-0.04628
0.4582
0.5674
0.5714
0.05923
0.55296
0.052
0.55501
-0.43281
0.44569
0.34699
0.3469
