-0.20863
0.29137
-0.40906
-0.10906
0.08547
0.35352
0.03457
0.43472
0.03481
0.24197
0.4452
-0.15906
0.16762
0.36566
-0.54527
0.45436
0.4383
0.20874
-0.1968
-0.09311
0.11524
-0.1841
0.41683
-0.17606
0.33926
-0.16611
-0.14851
-0.04851
-0.00863
-0.00863
-0.50906
-0.20906
-0.01453
-0.04652
0.33453
0.23466
0.23501
-0.25854
-0.23095
0.15523
0.25942
-0.04499
-0.5458
-0.14564
0.13689
0.10843
0.00345
0.40763
0.41472
-0.28517
-0.48425
-0.48673
-0.57491
0.23341
-0.24851
-0.24851
-0.50863
-0.00863
-0.30908
-0.3091
-0.21457
-0.34652
-0.16528
0.23393
0.1333
0.32625
-0.04149
0.06492
-0.24058
0.25423
-0.24956
-0.34957
0.43585
-0.39214
-0.49654
0.30807
-0.18506
0.10878
-0.4971
0.40898
-0.07544
-0.2667
0.0515
-0.34851
0.19541
0.19541
0.49517
-0.30484
0.18978
-0.43162
-0.05017
0.44858
-0.15202
-0.55968
0.09107
-0.09636
-0.12086
-0.40063
0.48868
-0.22619
-0.5298
0.33946
-0.0413
-0.04273
0.04102
0.34068
-0.5748
-0.56785
-0.05253
-0.04377
0.16669
0.46655
-0.4
0.4
-0.1
-0.50002
0.09424
-0.51504
-0.23396
-0.13422
0.06515
0.25808
0.49891
0.0101
0.29681
-0.28861
-0.06821
-0.09469
0.11419
-0.48904
-0.40203
-0.11326
0.35837
0.05444
-0.24914
0.05853
-0.4261
0.38241
-0.11544
-0.31469
0.2
-0.3
-0.2
0.2
-0.10576
-0.11506
-0.13392
0.0659
-0.53446
0.08227
0.1066
-0.40176
0.27789
0.09665
-0.28309
-0.39698
0.322
-0.18199
0.19397
0.17767
-0.54643
0.05059
-0.44924
0.35856
-0.22612
-0.01757
-0.51466
0.18532
0.3
-0.1
-0.5
-0.30001
0.19411
0.38483
-0.23395
-0.13399
-0.13422
0.31222
-0.38459
0.38672
-0.45136
0.46367
0.48949
-0.00719
0.02254
-0.08216
-0.50701
-0.1284
-0.14835
0.34451
0.25073
0.45839
-0.12563
-0.21665
0.08533
-0.51468
0.4
0.5
0.1
0.49999
0.39412
0.08535
-0.23299
-0.23289
-0.03299
-0.28966
0.00971
-0.51156
-0.53752
0.38153
0.4894
-0.00705
0.22259
-0.38972
0.29248
-0.32704
0.25534
0.04539
-0.14915
-0.23982
-0.0242
-0.41541
-0.41466
0.38533
-0.3
-0.5
-0.2
-0.50001
-0.30589
0.48536
-0.53301
-0.53283
0.06717
-0.49247
-0.00458
-0.11719
-0.12696
-0.42189
-0.32256
-0.31821
-0.09563
0.29531
-0.29552
-0.22862
0.06455
-0.44642
0.4607
0.06226
0.37547
-0.41515
-0.31466
-0.11467
-0.4
0.0
0.2
-0.10001
-0.40578
0.08535
0.46698
-0.4328
0.36511
-0.00362
0.47975
0.37058
0.46517
0.47052
-0.52996
0.26269
-0.41719
0.38885
-0.18648
0.27254
-0.435
-0.14648
0.24996
0.05329
0.37521
-0.41534
0.0851
-0.41487
0.4
-0.2
-0.19999
0.10001
-0.10576
-0.31462
0.46707
-0.1195
-0.10943
0.08421
-0.35271
-0.25431
0.36613
0.47077
0.27123
-0.36039
-0.041
0.38715
-0.38239
-0.01716
-0.45098
-0.06438
-0.4622
-0.56233
-0.02388
0.18471
-0.11518
-0.21519
-0.2
-0.5
-0.29999
-0.09999
-0.40577
-0.42081
0.36241
0.25236
0.15921
0.05553
-0.17621
-0.07164
0.34625
0.34537
0.43114
0.30816
-0.46515
-0.32616
-0.39847
0.06285
-0.36384
-0.36374
0.3376
0.33659
-0.2422
-0.53316
-0.31519
0.48481
0.10002
-0.39998
-0.49998
0.0
0.2942
0.36978
0.46767
-0.46191
0.24649
0.04248
0.11158
-0.0826
-0.17454
-0.18549
0.11406
-0.4104
0.11761
-0.54432
-0.41728
-0.1355
-0.08603
0.039
0.33869
-0.06465
0.04691
0.36161
-0.43305
0.26695
-0.39998
2.0E-5
-0.29991
-0.40277
-0.41023
-0.33114
0.36744
-0.28298
0.24694
-0.05683
-0.0838
-0.06766
-0.5843
-0.09159
-0.19181
-0.11091
-0.27344
-0.35005
-0.42353
0.07344
-0.5568
-0.03929
0.43863
-0.06468
-0.25299
0.46599
-0.33406
-0.33406
0.50002
0.50002
0.50011
-0.10254
-0.31021
-0.53109
-0.30307
0.33539
-0.07252
-0.01629
-0.012
0.31396
0.40534
-0.39764
0.21649
0.19301
0.3012
0.00143
0.16074
0.37456
-0.37091
-0.14334
-0.16189
-0.16885
-0.15731
0.16167
0.26162
0.16162
2.0E-5
2.0E-5
-0.49989
0.09746
-0.41014
0.37522
-0.30149
0.16839
-0.24035
0.31602
0.42
-0.45499
0.23615
0.33319
-0.15269
0.22378
-0.46803
0.0323
0.39153
0.30537
0.08501
-0.01841
-0.25762
0.32965
-0.25868
-0.24949
-0.54673
-0.13975
-0.09998
-0.09998
0.30011
-0.40263
0.08993
-0.02423
-0.19663
-0.20542
-0.21431
0.22974
0.05286
-0.24574
-0.14864
0.45721
-0.14339
0.05575
-0.31787
-0.12268
0.22796
-0.26436
0.21751
-0.39815
-0.55286
0.22876
0.34075
-0.45058
-0.44708
0.1598
-0.50002
-0.30002
0.40016
-0.30182
-0.52362
-0.19628
0.29748
-0.2085
0.29016
-0.22672
-0.11616
0.09341
-0.31601
-0.31731
0.08122
-0.33631
-0.12193
-0.21864
0.41942
0.24061
0.408
0.08624
-0.05238
-0.36703
0.14508
0.1517
0.37444
0.18068
-0.50004
0.39996
-0.39992
-0.31276
0.25307
-0.21808
-0.02148
0.47793
-0.01854
0.16332
-0.55077
0.25664
0.14708
0.24593
-0.05522
0.42167
-0.56911
-0.06586
0.37797
0.20491
0.4959
-0.51941
-0.34547
-0.36494
-0.0518
-0.54923
-0.1401
0.07579
0.39996
0.09996
0.50008
0.18686
-0.15853
0.47064
-0.42591
-0.12603
0.28016
-0.23818
-0.35574
-0.05237
-0.26186
-0.06338
-0.26399
-0.08617
-0.37671
0.12506
-0.0332
-0.50615
0.49275
-0.11465
-0.51817
-0.1453
0.04339
-0.25539
-0.4506
-0.24009
0.49997
0.09997
-0.29991
0.28717
-0.15551
0.27373
0.38258
-0.31569
-0.31217
-0.43004
-0.14981
-0.35111
0.23961
-0.06236
0.33731
0.42844
0.34974
-0.14932
0.49021
0.40433
0.40104
0.10142
-0.18892
-0.32961
0.34533
-0.35426
-0.15333
-0.44655
-1.0E-5
-0.50001
1.1E-4
-0.4987
-0.18826
0.30065
0.11164
-0.39917
-0.33793
-0.28277
-0.00308
0.29621
-0.27307
0.09128
0.09102
-0.09442
0.05065
-0.44897
-0.28817
-0.49227
-0.27786
0.5229
-0.47901
0.47762
-0.14457
0.35291
0.45382
0.4606
-0.1
-0.2
-0.49993
-0.11285
-0.28184
0.51938
0.54699
-0.26254
0.19991
-0.32376
-0.03342
-0.53339
-0.09141
0.06923
0.06914
0.27476
-0.51789
0.18218
0.19911
0.47398
0.48825
-0.004
0.24421
-0.29412
0.27646
-0.22882
0.07211
-0.52111
-0.5
-0.4
-0.1
-0.41292
0.4181
0.51884
-0.25859
-0.26941
-0.50082
-0.52346
0.0659
-0.434
-0.48998
-0.63083
-0.03093
-0.23104
-0.63101
-0.13097
-0.42155
-0.46974
0.3458
0.26674
-0.2561
0.30518
-0.32425
-0.22944
-0.02807
0.07871
0.3
0.2
0.3
0.48708
0.5181
0.11864
-0.39344
-0.40143
0.49855
-0.12409
-0.13474
0.26528
-0.49063
-0.2311
-0.3311
-0.53112
0.1689
-0.03112
0.27861
0.10233
0.22526
0.06388
0.34563
0.53974
-0.0132
0.17545
0.47177
-0.32145
-0.1
0.0
0.12219
0.22621
0.5181
0.51866
0.12246
-0.40143
0.19855
-0.42407
-0.13472
-0.33471
-0.19063
-0.1311
-0.3311
-0.13115
-0.13112
0.06888
0.27795
-0.59767
0.02633
0.36329
0.34564
0.13973
-0.0132
0.07486
-0.02823
-0.12145
-0.5
0.4
0.32467
0.43406
-0.4819
0.21866
-0.37555
-0.00143
-0.10146
0.07494
0.36529
0.36529
-0.49255
0.36892
-0.03108
-0.22549
0.08153
0.28153
0.19814
-0.56107
-0.23601
-0.3095
-0.15436
0.44011
-0.31183
-0.02922
0.37177
0.27855
0.1
0.3
0.02374
0.53406
-0.1819
-0.08144
0.42658
-0.50141
0.19856
-0.12605
-0.1347
0.46529
0.00266
0.06895
-0.13105
0.18287
-0.49783
-0.29782
0.23308
0.49873
-0.0755
-0.35709
0.54564
0.54559
0.50646
-0.41838
0.17177
0.27855
