-0.5
-0.4
0.3
-0.4
0.398
0.286
0.381
0.281
0.281
-0.444
-0.334
-0.265
0.235
0.134
0.49
-0.109
0.492
-0.308
-0.508
-0.118
-0.067
-0.563
0.036
0.336
-0.246
-0.519
-0.104
-0.304
0.0
0.4
-0.5
0.2
0.298
-0.014
0.281
0.081
0.381
0.251
0.365
-0.466
0.069
0.286
0.19
0.191
-0.308
-0.408
0.492
-0.118
-0.563
0.436
0.235
0.131
-0.347
0.381
-0.104
0.396
0.1
0.3
0.4
-0.2
0.498
-0.014
-0.319
-0.123
0.219
0.284
0.264
0.078
-0.419
0.191
-0.509
0.291
-0.308
-0.108
-0.408
-0.023
0.137
0.235
-0.458
-0.058
0.168
0.179
-0.104
0.096
-0.3
0.4
0.5
0.2
0.298
0.179
-0.186
-0.184
-0.372
-0.512
0.099
-0.207
-0.324
-0.389
0.0
0.296
-0.103
0.5
-0.106
-0.206
-0.52
-0.139
0.154
0.458
-0.026
-0.415
0.399
-0.401
0.4
-0.1
-0.4
0.2
-0.102
0.515
-0.049
-0.152
0.047
0.409
0.471
0.361
-0.309
-0.202
-0.449
-0.357
-0.359
-0.051
0.055
0.355
-0.455
0.149
-0.131
0.066
0.386
-0.203
-0.524
-0.285
0.4
0.4
-0.5
0.3
0.198
-0.385
-0.19
0.01
-0.076
-0.002
-0.33
-0.228
-0.126
-0.119
0.05
0.249
0.249
-0.151
-0.248
-0.348
-0.246
0.066
-0.335
0.166
-0.514
-0.503
-0.384
0.116
0.2
0.0
0.0
0.5
-0.302
0.515
0.201
-0.299
-0.198
0.076
-0.33
-0.524
-0.525
-0.316
-0.05
-0.451
0.149
-0.251
0.318
0.045
0.472
-0.244
0.465
0.066
-0.419
0.284
0.016
0.116
0.2
0.2
0.3
0.2
0.498
0.315
-0.398
0.302
-0.198
-0.024
0.066
-0.321
-0.106
-0.41
0.55
0.449
-0.451
0.237
-0.492
0.045
0.157
0.253
-0.256
0.157
-0.5
0.311
0.116
0.016
0.2
0.4
-0.1
0.5
-0.402
-0.385
-0.198
-0.498
0.102
0.277
0.065
0.264
-0.121
-0.411
0.538
0.338
-0.364
-0.357
-0.38
0.128
-0.336
0.457
-0.162
0.144
-0.534
0.411
-0.484
-0.184
0.1
0.3
-0.1
0.1
-0.502
0.215
0.302
0.102
-0.298
0.054
0.065
-0.136
-0.514
0.19
0.34
0.036
-0.446
-0.146
-0.483
-0.393
-0.436
-0.043
0.323
-0.37
-0.532
0.313
0.316
-0.184
0.5
0.5
0.0
0.4
-0.302
0.415
-0.298
-0.197
-0.307
0.241
0.465
0.463
0.481
-0.511
-0.161
0.034
0.553
-0.079
0.514
0.109
0.241
-0.059
-0.18
-0.548
-0.294
-0.483
-0.183
0.117
0.5
-0.1
0.3
0.4
-0.202
0.215
-0.198
0.057
0.439
-0.595
-0.383
-0.089
0.142
0.342
0.107
-0.194
-0.099
0.365
0.269
-0.429
0.398
0.04
0.43
-0.139
-0.01
0.302
-0.283
-0.083
0.5
0.4
0.3
0.0
-0.302
-0.085
-0.083
-0.33
0.447
0.02
0.23
0.22
0.453
-0.036
-0.288
0.383
-0.023
0.273
0.376
-0.316
0.086
0.46
-0.34
0.161
0.199
-0.002
-0.298
-0.198
0.4
0.4
-0.2
-0.5
-0.101
0.416
-0.383
-0.325
0.05
-0.483
-0.572
0.259
-0.543
0.471
0.12
-0.015
-0.014
-0.014
0.486
-0.414
0.406
0.479
-0.337
-0.34
0.398
0.106
-0.194
-0.494
0.0
-0.2
0.4
0.2
0.099
0.116
0.517
0.047
-0.355
-0.255
-0.156
0.171
0.27
-0.05
-0.113
-0.314
0.386
-0.314
0.381
-0.19
-0.164
0.475
0.46
0.462
-0.2
-0.093
-0.193
0.407
-0.3
-0.4
0.2
-0.4
-0.201
0.216
0.017
0.36
0.248
0.144
-0.557
-0.327
0.373
-0.246
-0.31
-0.311
0.09
0.194
-0.309
-0.487
0.139
-0.025
-0.44
0.262
-0.2
-0.485
-0.498
0.306
0.3
0.4
0.4
0.2
0.499
-0.289
-0.279
-0.397
0.491
-0.015
-0.388
-0.196
0.091
-0.227
-0.375
0.128
0.428
0.528
-0.176
-0.453
-0.227
-0.229
-0.147
-0.038
-0.1
0.212
-0.499
0.006
0.3
0.4
0.5
-0.5
0.282
-0.006
0.503
-0.318
0.385
-0.112
0.506
-0.126
0.279
0.083
0.237
-0.269
-0.471
0.149
0.15
-0.05
-0.332
0.263
-0.047
-0.538
0.099
0.21
-0.294
0.316
-0.1
-0.2
-0.5
-0.513
0.45
-0.131
0.01
0.012
0.092
-0.197
-0.287
-0.534
0.07
-0.031
-0.016
-0.117
-0.318
0.302
-0.402
-0.193
-0.026
0.186
-0.307
0.385
-0.08
-0.463
0.15
-0.458
0.1
0.2
0.5
0.387
0.142
-0.037
0.523
0.223
0.412
-0.028
0.477
-0.408
-0.208
-0.208
-0.509
-0.125
0.409
0.009
-0.495
-0.495
0.506
-0.094
0.209
-0.394
-0.266
0.034
0.328
-0.145
0.0
-0.5
0.1
0.289
0.26
-0.427
0.525
-0.085
0.381
0.376
0.091
0.091
-0.409
0.191
-0.009
0.404
0.004
-0.096
0.21
0.409
-0.397
-0.297
-0.186
0.511
0.034
0.534
-0.266
0.234
-0.3
0.1
0.0
0.089
-0.041
-0.244
0.209
-0.086
-0.208
-0.034
-0.128
0.172
0.472
0.472
-0.028
-0.196
0.104
0.004
0.507
0.407
0.107
0.007
-0.293
-0.491
0.474
0.385
-0.215
0.085
0.3
-0.2
-0.5
0.089
0.369
0.169
0.3
-0.4
-0.2
-0.1
-0.2
0.2
-0.5
0.4
0.3
-0.5
0.2
-0.4
-0.2
0.0
-0.1
-0.2
0.0
0.5
0.281
-0.331
-0.031
-0.231
0.5
-0.2
0.0
0.289
0.469
0.469
-0.5
0.0
-0.5
-0.5
-0.3
0.1
-0.5
0.0
-0.4
-0.3
0.3
0.2
0.0
0.0
-0.3
-0.3
-0.1
-0.1
-0.419
-0.531
0.369
-0.031
-0.3
0.5
-0.4
-0.511
-0.431
0.469
0.2
0.0
0.4
-0.3
0.2
0.0
0.4
-0.4
0.5
0.2
-0.2
0.1
-0.1
-0.2
0.3
-0.1
0.3
-0.5
0.381
0.069
-0.331
0.069
-0.2
-0.5
0.2
0.289
0.069
-0.431
-0.5
-0.5
-0.2
0.1
0.2
0.4
0.0
0.0
0.2
0.4
0.3
-0.4
-0.4
-0.2
0.3
0.4
-0.1
0.3
0.481
-0.531
-0.031
0.369
-0.4
0.4
0.1
-0.511
0.069
0.369
0.1
0.4
-0.4
-0.1
-0.3
-0.4
-0.3
0.3
-0.2
-0.1
-0.3
0.5
0.3
-0.5
-0.5
0.3
0.1
0.1
-0.118
-0.432
0.069
0.069
0.5
-0.4
0.3
0.189
0.469
-0.331
0.0
0.3
0.3
0.2
-0.3
0.2
-0.2
0.0
-0.1
0.2
-0.2
-0.3
0.3
0.0
-0.5
0.4
-0.1
-0.3
-0.4
-0.217
-0.331
0.369
