0.57616
-0.02531
-0.22698
0.25809
0.29355
0.10887
-0.1008
0.73206
0.24283
1.14098
0.61393
0.15362
0.16921
0.49694
0.33189
0.90082
0.73154
0.31175
-0.00131
-0.11338
0.73842
-0.05763
0.64103
0.9181
0.79475
0.11182
0.34047
0.62382
0.11147
0.03085
0.31219
-0.03164
0.47553
0.27407
-0.3277
0.35793
0.2822
-0.23012
-0.24293
0.83074
0.64882
1.05679
0.71591
0.01335
0.72431
0.22017
0.53519
0.06772
0.70251
0.41387
0.50202
0.19025
0.24266
-0.05677
0.56136
0.63981
0.37982
0.15767
0.30589
0.47527
0.98226
0.06174
-0.30473
0.45068
-0.22511
0.47341
0.37245
0.25764
0.37311
0.56091
-0.21353
0.85444
0.63383
0.60659
0.86562
0.78602
0.70021
0.44133
0.43262
-0.14479
0.29382
0.60801
0.00772
0.49563
0.74633
0.04628
0.37791
0.95456
0.49375
0.45902
0.86614
0.35878
0.40182
0.80072
0.23627
0.49251
-0.12395
0.4746
-0.32629
0.55836
0.48179
-0.03078
0.63047
0.44537
0.96934
0.76967
0.92154
0.36046
-0.27284
0.04929
0.42259
0.09676
0.35102
0.28165
0.09421
-0.02208
-0.01802
-0.07299
0.27253
0.54005
0.04953
0.65473
-0.02651
0.06331
0.55675
0.2382
0.51754
-0.09085
0.17434
0.37146
0.07197
0.35784
-0.40908
0.58013
0.43284
0.63014
0.12783
0.59722
0.16735
0.50933
0.10204
0.28294
0.57474
0.35136
-0.23318
-0.12653
-0.23361
-0.01459
0.55859
0.31627
0.10424
-0.19562
0.02341
0.2359
0.70356
-0.20427
0.29709
0.19172
-0.34066
0.16051
0.17252
0.06959
0.47189
0.25754
-0.30205
-0.0142
0.14816
0.25124
0.73238
0.97615
0.38061
-0.29734
-0.24059
0.22941
0.26708
-0.45163
0.62123
0.61066
0.58368
0.42026
0.07412
-0.46965
-0.06109
-0.17985
0.07307
0.05487
0.20605
0.09039
0.39181
0.68365
-0.16929
0.33069
0.47157
-0.0314
0.67339
0.06009
-0.2001
-0.30963
0.24401
0.64444
0.82431
0.08318
0.59958
0.23885
0.08299
0.1342
-0.02472
0.34697
-0.10178
0.49014
0.1608
0.48437
0.43973
0.2419
-0.03943
0.01391
-0.05986
0.57353
0.30562
0.48151
-0.20286
0.69383
0.57371
0.17379
-0.22734
0.46964
0.47507
0.06081
0.29881
-0.41028
0.05458
1.06112
0.50681
0.68687
0.40545
0.34256
-0.41692
-0.30532
0.42084
-0.21315
-0.30982
0.26407
0.32595
0.65875
-0.01967
-0.10165
-0.35203
-0.44875
-0.05711
0.35458
0.70228
0.08169
-0.3396
0.26036
-0.09844
0.0038
0.67225
-0.13079
-0.12686
-0.24105
0.39493
-0.11509
0.46819
1.08699
0.60692
0.42216
0.33325
-0.11677
0.23846
0.41458
0.2419
0.05293
0.82767
-0.17831
0.03318
0.56112
0.71047
0.1813
0.1233
0.29545
-0.03885
0.04322
0.3234
-0.05797
0.24962
0.1463
-0.10535
0.3967
0.47062
0.66765
0.07167
0.15737
-0.30973
-0.41445
-0.1335
0.27291
0.01423
1.04673
0.66467
0.14687
-0.06161
0.10936
1.04948
0.81181
0.28099
0.22246
0.80053
1.00358
0.41884
0.61678
-0.07086
0.03812
0.13305
-0.34162
0.25468
0.63961
0.50601
0.60426
0.16227
-0.13686
0.0714
0.46845
0.0704
0.25583
-0.31698
-0.10705
-0.01939
0.17079
1.01803
0.51186
0.50765
0.27462
0.2722
0.5555
0.23742
0.46419
0.18761
0.91789
0.77764
0.55019
0.13935
0.12344
0.63591
0.7586
0.7025
0.69611
0.21638
0.51851
0.5856
0.22551
0.48499
-0.41663
-0.0267
0.37096
0.67178
-0.24322
0.19403
-0.07692
-0.28296
0.60357
-0.03058
0.87674
0.45832
0.32875
-0.13717
0.52561
0.02428
-0.07848
0.93112
0.95604
0.95113
0.58168
0.09972
0.81638
0.37528
0.14594
0.81723
0.15211
0.03251
0.61173
0.92928
0.41423
0.02595
0.6206
0.1748
0.27221
0.27222
0.25653
0.23685
-0.17942
0.09646
0.4766
-0.29689
-0.41321
-0.04401
0.3822
-0.08743
0.07191
-0.03711
0.16103
-0.00117
0.13419
-0.39869
-0.14132
-0.54459
0.41149
-0.09302
0.90043
0.43952
0.36644
-0.12242
0.01899
0.31767
0.15588
0.8288
0.51712
0.17965
-0.12297
-0.32763
-0.04501
-0.36918
0.72412
0.67339
0.49913
-0.36334
-0.45788
0.11859
-0.53527
0.25886
-0.1297
0.48549
0.08208
0.41169
0.39451
0.42022
0.33498
0.04149
-0.02791
0.36018
-0.54791
-0.63087
0.18589
0.13858
0.86109
0.62293
0.1834
0.85144
0.03218
0.18185
0.17889
0.37499
-0.24372
0.44532
0.46648
0.09374
0.33373
0.13372
-0.07577
-0.46051
0.57151
0.17572
-0.19372
0.33829
0.21732
-0.35627
0.17241
-0.1007
0.2029
-0.30166
0.39857
-0.32016
-0.35929
-0.58064
0.50523
0.14358
0.78759
0.31384
0.97885
0.05609
1.0359
-0.31718
0.37955
-0.12312
-0.24038
0.04281
0.77699
0.41005
-0.24327
-0.16766
0.32363
0.44618
-0.12073
0.48904
-0.18706
0.44301
0.42363
-0.52904
0.4938
0.21118
-0.2901
-0.39943
-0.09693
0.38116
-0.35265
-0.56964
0.54262
0.01884
0.94247
0.16688
0.8811
0.37444
1.04199
0.67761
0.07575
-0.2226
0.15636
0.04215
0.19029
0.17784
0.37657
0.45337
0.03063
0.25955
0.44306
0.66696
0.56036
0.70735
0.05746
-0.06745
0.14937
0.24491
0.35543
0.64001
0.2181
0.29298
-0.2472
-0.51092
-0.0588
0.58112
0.41282
0.46587
0.17982
0.47554
0.45516
0.27676
0.37501
0.19952
0.23973
-0.02571
0.94756
0.61677
-0.21705
0.52154
0.5188
-0.45397
-0.10969
0.06121
0.03078
0.68252
0.09603
-0.04992
-0.14256
-0.07666
0.52379
0.55508
-0.54238
-0.46621
0.01392
0.53822
0.30028
-0.16148
0.11502
0.16574
0.51085
-0.49739
0.0882
-0.12509
0.46743
0.108
-0.11279
0.29329
0.88876
0.32056
0.78952
0.42277
0.14955
0.67889
0.95793
0.19104
0.72475
0.94232
-0.05769
0.23533
0.4163
0.48855
0.20606
0.60276
0.58869
0.79474
0.76951
0.96774
0.60959
0.91658
0.25067
0.15361
0.37788
-0.04949
0.46097
0.37113
0.46304
0.4303
-0.15557
0.09151
1.008
0.88741
0.6968
0.72397
0.52914
0.52063
0.50565
0.19663
0.38121
-0.01746
0.38105
0.17675
0.68475
0.06253
0.55282
0.55998
0.05709
0.54913
0.35216
0.84081
0.52787
0.21917
0.51867
0.1738
0.19691
-0.01876
0.48471
-0.03175
0.46072
0.47305
-0.08091
0.31118
-0.20157
0.64792
-0.34687
0.42768
-0.07443
0.57858
0.74479
0.8414
0.5034
0.69757
0.27587
0.07647
-0.00927
0.66315
0.95498
0.57773
-0.13046
-0.10624
-0.3149
0.35646
0.62231
0.25232
-0.11201
0.05788
0.45861
0.2929
0.39474
-0.0286
-0.13613
0.29205
0.52155
0.46275
-0.05517
-0.24469
0.60938
0.30758
0.53007
0.79157
-0.01343
0.58333
0.16732
0.46737
-0.24512
0.68631
0.29221
-0.03629
-0.04481
-0.22274
-0.01554
-0.2021
-0.06532
0.02081
-0.34492
0.17362
0.14795
-0.16856
0.33681
0.2434
0.64355
0.57364
0.06541
0.09373
0.31406
0.6519
0.46127
0.06932
0.36557
-0.33626
-0.14159
0.35851
0.1566
0.15934
0.25396
0.35543
-0.14815
-8.2E-4
0.29803
0.66968
-0.34254
0.05827
0.25966
0.16423
0.26279
0.26046
0.1626
0.0644
0.4668
0.16381
0.06502
0.07193
0.07221
0.67597
-0.33263
0.49211
0.41572
0.45505
0.56191
0.1735
0.67098
-0.13497
0.06193
-0.13706
0.06027
0.66404
-0.04222
0.55893
0.54966
0.29542
0.2936
-0.13265
0.35595
0.25551
-0.24016
-0.33524
-0.23509
-0.13527
0.57261
0.17364
-0.32517
0.07002
0.56972
0.57084
0.07151
0.07617
0.46695
0.69049
0.61306
-0.14547
0.56551
0.57466
-0.32602
-0.23403
-0.33645
0.66606
-0.03822
0.16688
-0.2379
0.16353
0.3564
0.30134
0.3001
0.17043
-0.04133
-0.03909
-0.03536
0.66701
0.66853
0.46917
0.47487
0.27362
0.37315
0.27066
0.36991
-0.12963
-0.02895
0.67601
-0.23258
-0.20915
0.01343
-0.24505
-0.23416
0.1752
0.27365
0.46698
-0.03229
0.36901
0.16614
-0.32822
-0.02883
0.67156
0.16563
0.61189
0.01041
-0.21832
0.26746
-0.33196
0.36928
0.57054
-0.12856
0.07081
-0.2277
-0.1282
-0.12831
0.56843
0.26969
0.56874
-0.23122
0.37634
-0.2316
-0.30715
-0.28464
-0.24327
0.66863
-0.22316
0.67605
-0.13162
0.06962
0.27194
0.06942
-0.22537
0.0755
0.37486
0.46962
0.19769
0.61356
0.28642
0.5726
0.37346
-0.22545
0.37538
0.27529
-0.22491
-0.12487
0.5751
0.57457
-0.02415
0.27384
0.56987
0.16984
0.47635
-0.02983
0.38856
0.10558
-0.33518
0.57461
0.077
0.37351
-0.32895
0.47152
-0.32648
0.5708
-0.22351
-0.02235
-0.32362
0.17376
0.46815
0.70504
-0.31452
0.67519
0.07592
-0.22334
0.377
0.377
0.577
0.67699
0.37704
0.07651
0.57691
-0.1223
0.37385
0.37386
-0.223
0.17708
0.47692
-0.0235
-0.02428
0.6758
0.37779
0.07451
0.37413
-0.12557
0.6764
0.47378
0.27579
0.47721
-0.02323
0.37657
0.0764
-0.32439
-0.32326
0.67648
0.37592
0.17666
0.177
-0.323
-0.023
0.67699
0.67708
0.27657
-0.32282
-0.02308
0.0752
0.37394
-0.023
-0.22292
-0.12308
0.1765
0.07576
-0.32415
0.17786
0.2746
0.67416
0.27446
0.3764
0.1738
-0.12413
0.07727
-0.02321
-0.32339
-0.02354
-0.32331
-0.22322
0.37652
0.47592
-0.02334
0.577
0.077
0.477
0.27699
-0.02292
0.07664
-0.12258
-0.32284
0.07505
-0.32498
0.577
-0.22293
0.67684
0.47658
-0.22414
-0.1241
-0.02221
-0.1255
0.17407
0.07438
-0.12352
0.27385
0.47589
0.07727
-0.32321
0.47661
-0.32354
-0.22331
0.17678
-0.22348
-0.02408
0.67666
-0.323
-0.323
-0.123
0.37699
0.47705
0.27654
0.67778
0.67686
-0.12487
0.2751
-0.223
-0.023
-0.02319
0.57688
0.47672
-0.02337
-0.02268
0.3751
0.57471
0.67502
0.27615
0.07442
0.37653
0.07729
0.17681
0.17661
0.37646
-0.22326
-0.22318
0.47652
0.57592
-0.02325
-0.123
-0.223
0.377
0.17699
0.37702
0.57657
0.67677
0.07689
-0.02299
0.57542
