0.7173
0.27885
0.34114
0.67478
2.096
-0.74703
-2.33519
-6.25352
-7.52172
-7.32004
-5.92673
-1.89052
-2.8255
-3.33353
-8.32885
-14.76553
15.04302
12.89472
10.04778
11.14791
7.6131
4.8625
-6.59196
-12.3767
-7.46775
-8.10774
-2.18185
0.47235
-2.94712
-5.5907
-5.75141
-2.78617
0.5249
0.38645
0.64613
0.77838
2.33716
-1.25339
-2.02687
-6.32313
-6.26055
-5.98449
-5.4264
-4.66456
-6.204
-9.48158
0.74344
7.38015
13.84706
13.62641
7.16916
8.15419
4.67099
4.95031
-9.05767
-17.49556
-11.17976
-10.14041
-8.47988
-10.82912
-9.22044
-6.11098
-4.29232
-2.28615
0.82425
0.0858
-0.05895
1.26965
2.57839
-0.81514
-3.2278
-4.96686
-7.18708
-8.98889
-8.09622
-6.03448
-7.93149
-13.42837
0.35583
9.84998
10.79134
8.58015
7.00751
7.72199
4.44066
4.8465
-10.64867
-19.81344
-12.93912
-15.58965
-11.37232
-11.65912
-9.66576
-8.73425
-5.49617
-0.66368
0.4155
-0.02288
0.73526
1.46675
2.27315
-0.9466
-3.24536
-5.96578
-7.30239
-7.01048
-4.90049
-2.02557
-3.5663
-11.3444
0.50105
11.62725
14.47785
11.02654
13.26702
13.95469
13.92813
14.34375
7.61131
7.13522
-7.59134
-13.15163
-7.77702
-8.01654
-8.63739
-7.77007
-3.59487
-0.84123
0.70204
-0.13642
0.82831
0.97016
3.05167
-0.96727
-3.4347
-5.87437
-6.45255
-4.70349
-3.90025
-2.84858
-0.10169
8.79753
9.00239
10.84973
-5.00964
-5.59484
-0.96505
-2.28706
2.90995
18.52485
15.64813
11.77766
-12.93248
-14.24211
-5.69043
-5.12656
-8.83575
-8.17291
-4.19096
-3.36068
0.34073
0.30251
0.92796
0.86698
2.77325
-1.10799
-4.13898
-6.30264
-5.75584
-5.16169
-3.31814
-4.82562
-2.20087
15.47301
13.24642
10.28926
-9.92309
-8.59951
-4.36671
-6.97191
-0.59708
17.26598
13.79214
10.99086
-16.37225
-16.11799
-6.91263
-4.81929
-7.976
-8.21768
-5.33384
-5.43578
0.31259
0.17443
0.45424
1.05711
1.93793
-0.88043
-4.60163
-7.45769
-6.48086
-5.59464
-4.40683
-7.29763
-5.038
14.68027
13.51432
10.10151
-6.64298
-5.47822
-0.53481
-3.75915
1.38669
15.78818
12.24937
10.66844
-0.84914
-8.43396
-8.14595
-4.92366
-6.16818
-7.32999
-4.9402
-4.84171
0.25289
0.71476
0.54745
0.84946
2.86646
-0.92505
-4.93629
-7.34237
-4.52814
-5.60693
-7.75374
2.25495
5.14195
14.53795
6.93628
-1.84444
-4.53436
-4.12313
2.63296
-0.97282
-1.52633
0.26416
5.01202
12.43439
12.11693
-1.27454
-9.02733
-4.9456
-2.38826
-5.2356
-5.75354
-5.75494
0.62836
0.79024
0.15265
1.6504
2.30898
-0.47954
-4.80658
-7.04212
-2.56574
-6.35176
-11.19081
8.81372
14.09955
14.13943
-0.93403
-13.92999
-4.45841
-5.89195
-2.24666
-3.98799
-7.68073
-14.66105
-2.84485
12.98318
14.18206
0.43385
-8.96133
-4.6236
-2.60007
-4.64519
-5.4966
-4.99765
0.40119
1.06316
0.46099
0.85866
2.496
-1.28002
-4.09736
-7.53788
-4.72752
-7.9837
-13.40929
6.7533
14.46591
12.61835
-2.48885
-14.05467
-4.75565
-7.28448
-7.05357
-6.98477
-8.69442
-12.09485
-0.44914
12.13001
12.34913
3.69509
0.55328
-4.35357
-5.22922
-5.63167
-5.53991
-6.24112
1.09546
0.15746
0.16329
1.0614
2.25179
-1.23031
-5.034
-7.09635
-8.65734
-7.86589
-5.23452
9.43632
12.0541
3.55906
-3.08873
-9.98305
-4.98476
-6.83476
-5.83356
-5.38498
-5.253
-7.30613
-1.78326
2.59152
11.64266
9.43076
14.27031
-5.92405
-6.81746
-4.43902
-7.01308
-6.14926
0.49814
0.27355
0.053
0.65847
2.7652
-2.28824
-7.16196
-8.00351
-12.73804
-3.59878
13.55007
15.25945
9.6974
-11.10011
-7.94557
-7.28537
-7.61001
-8.59538
-5.10026
-2.24754
0.00609
-2.33389
-10.8146
-13.88383
11.78471
9.4478
13.61599
-2.54073
-5.0006
-7.31024
-6.52427
-5.53006
2.29527
-0.69804
-2.62046
-1.71087
-0.10433
-4.48519
-11.87351
-12.813
-11.2822
-3.50874
15.58693
16.85732
13.44162
-0.5625
-2.62116
-4.4135
-2.12815
-3.58772
2.19576
3.91024
5.60801
3.15988
-4.34594
-7.8279
11.97062
9.75996
14.23095
11.80082
6.31223
-12.00231
-9.05924
-7.47097
2.00105
-0.69243
-1.45278
-0.94344
-1.66409
-6.49708
-13.25183
-12.22488
10.21608
10.50471
14.3914
15.76378
16.41077
18.30834
13.30509
8.21797
11.47673
10.84609
19.00618
17.21535
16.4974
16.5644
15.03573
14.65724
14.97707
10.66247
12.80031
10.53584
6.37117
-15.56387
-13.56324
-10.61407
1.57451
-0.43649
-1.40446
-1.00493
-2.06541
-8.84225
-14.61471
-15.47442
7.12654
7.9934
11.80999
11.00146
10.62466
10.09137
9.29625
6.7879
14.26037
13.20836
15.10583
15.62781
14.27022
14.62918
15.13406
15.69949
17.21033
12.30998
11.37762
9.34692
4.23746
-17.87959
-15.10563
-12.45517
-0.06235
0.69891
1.38211
2.12424
1.17467
-6.29261
-14.61021
-14.64309
10.35219
9.75132
10.50149
9.20848
9.77087
9.893
9.17255
6.78939
13.59945
12.20703
11.08092
13.96225
15.81826
14.93283
14.72191
16.02468
17.40258
12.35274
11.07842
8.35059
3.84465
4.15248
-7.80213
-15.49316
0.0564
0.0229
1.01404
1.89587
0.32678
-8.85216
3.58032
11.99381
10.56111
10.06644
10.54274
-7.03843
-9.86739
-5.63684
-3.32695
-4.84794
-4.07863
-3.92864
-4.35143
-2.03779
-0.14153
-1.53115
-1.45346
-1.6848
-8.22247
-3.67533
10.78474
8.46241
4.63643
4.76077
-9.21112
-18.99496
-0.07172
0.79474
0.90017
2.14117
-1.31904
-10.88034
2.00424
11.44975
11.33155
12.06843
11.01476
-4.2039
-4.04961
-0.04222
-2.41906
0.0942
1.40929
-3.04253
-2.16693
-2.29652
-1.21939
0.89053
-2.91706
-4.00216
-6.64015
-1.37308
11.31974
7.4793
5.76603
6.84779
-3.22345
-11.02953
-0.1853
0.86781
0.20572
-2.22461
-3.06153
-13.13336
-1.73813
6.10135
6.16133
-2.26051
-15.85188
-12.75235
-8.0282
-5.29601
-6.36122
-5.1221
-5.65068
-6.93619
-5.76075
-6.21361
-6.22282
-5.42282
-8.00111
-8.05237
-8.74635
-13.53475
-12.90397
3.35541
7.19379
7.65704
9.19828
10.66971
0.58161
0.6563
-0.43247
-4.68832
-1.15645
6.4606
5.35948
6.35978
6.31751
-3.67157
-15.66228
-7.95148
-7.02687
-7.01151
-7.13352
-6.7952
-6.46998
-6.64467
-7.47512
-7.49106
-6.17077
-6.83066
-9.52629
-8.77545
-9.06818
-13.26507
-13.65209
3.47652
9.68281
11.33183
11.67315
12.74253
0.90608
1.16134
-0.5637
-6.06311
-1.61255
12.00493
9.25956
9.15308
9.77132
4.685
-8.03852
-6.1108
-6.51636
-6.1429
-6.57373
-6.80102
-6.90896
-7.13269
-5.48514
-4.1329
-3.09291
-4.90491
-7.99282
-7.01086
-5.02898
-9.26964
-6.14213
9.38018
11.14673
12.36002
12.45184
11.51871
-0.07813
1.13907
-0.28322
-3.90179
0.53446
4.61812
2.83121
3.44961
3.3683
2.25566
-1.96275
-2.38678
-2.16457
-2.26249
-1.8357
-1.65778
-3.87969
-3.59262
-2.0955
-0.82465
-0.34708
-1.1823
-1.8872
-1.70423
-0.87635
-2.49009
-0.81465
4.18796
4.34917
4.28486
4.18591
3.49297
0.76377
0.681
-1.04585
-2.56089
0.92295
-0.17939
0.5587
-0.10252
0.83197
0.6175
-0.08521
0.02346
0.2672
0.47179
0.02472
0.26033
-2.38362
-2.79019
-0.70704
0.44886
0.21325
-0.18535
0.12132
0.21726
0.3271
-0.1814
-0.18299
0.10426
0.28572
0.38478
0.37713
0.67727
0.16069
0.57827
-0.94497
-2.65517
1.73621
0.02855
-0.03413
0.50419
0.53576
0.21984
0.21617
0.41465
0.05576
0.65609
0.31208
1.06234
-2.28018
-2.59227
-0.11029
0.25145
-0.0847
0.50714
0.11575
-0.08772
-0.08773
0.80992
0.01734
0.29761
-0.31766
-0.11639
0.27633
0.5716
-0.14173
0.47595
-0.54446
-2.05059
1.63776
0.52494
0.25661
0.00951
0.84288
0.02462
0.51596
0.30803
0.04876
-0.1484
0.30304
0.35133
-2.59237
-1.80451
-0.11773
0.24397
0.6098
0.50426
0.60792
-0.19593
0.30018
-0.10195
0.80704
0.19109
0.5813
0.28242
-0.11656
0.07979
0.45786
0.87565
-1.04613
-1.85714
1.13089
0.62296
-0.2474
-0.07998
0.15564
0.9346
0.72686
0.32227
0.06295
0.36379
0.81106
1.0445
-1.90346
-2.00983
0.07752
0.33511
0.00505
0.60543
0.00585
0.70423
0.20406
0.10348
0.21673
-0.09288
0.29991
-0.10093
0.19707
0.49271
0.05767
1.27538
-0.4465
-1.75745
1.28959
0.78379
0.55629
-0.18234
0.15312
0.93481
0.02793
0.32283
0.46252
0.36396
0.00878
1.05341
-0.79064
-2.20824
-0.91767
0.8414
0.51243
0.11238
0.01226
-0.18779
-0.18779
0.81223
0.12737
0.12938
-0.02294
-0.27616
-0.29275
0.10167
0.45768
0.24603
-0.44998
-1.28749
0.48867
0.08027
0.10666
-0.09148
0.61378
0.70202
0.59887
-0.10593
0.0761
-0.12231
0.01007
-0.01771
1.03085
-1.42022
-0.74444
0.70078
0.11477
0.41477
0.11477
0.11477
0.41477
0.1144
-0.17872
-0.06341
0.86429
0.77275
-0.15622
0.43825
0.61477
0.41481
0.514
0.81168
0.41986
-0.08014
0.82164
0.51693
0.81659
0.81655
-0.18448
0.01232
-0.18536
0.31601
0.8147
0.71485
0.81481
0.81471
0.01472
0.41476
0.21477
0.21477
0.41477
0.81477
0.51477
0.6144
0.61636
-0.07865
0.52113
0.4208
-0.08132
0.61319
0.81477
0.31481
0.214
0.21168
0.11988
0.01988
0.72161
0.31685
-0.18351
-0.18355
0.61541
-0.18769
-0.08534
-0.18399
0.4147
0.01485
0.41482
0.41461
0.71473
0.81477
-0.08523
0.01477
0.51477
0.21477
0.21477
0.6144
-0.18365
0.12142
-0.07866
0.72083
0.71866
0.81309
0.51477
0.7148
0.41401
0.21176
0.52002
0.12
0.82162
0.81677
-0.18374
0.71626
0.01532
0.41234
-0.1853
0.11601
0.0147
0.21485
0.41482
0.71461
0.31473
0.81477
0.11477
-0.08523
0.71477
-0.18523
0.01477
0.2145
0.21549
-0.07994
0.22205
0.52109
0.61874
0.81317
0.51477
-0.08526
0.11402
0.21223
-0.17933
-0.07944
0.52136
0.01633
0.81567
0.01553
0.11487
0.21263
0.01497
0.01605
0.71474
0.51485
0.31482
-0.08531
0.11472
0.21477
0.81477
-0.08523
-0.18523
0.31477
0.51477
0.61451
0.51381
0.51252
0.02068
-0.17828
0.2197
0.51354
