0.2
0.5
0.0
0.2
-0.466
0.079
0.201
0.701
1.201
0.232
0.48
0.624
0.124
1.234
1.934
1.793
2.182
1.882
2.282
2.433
1.456
0.951
0.942
0.383
0.356
1.001
-0.06
0.34
-0.3
0.1
-0.4
-0.4
-0.166
0.079
0.801
1.001
0.301
1.331
1.089
0.847
1.347
2.369
2.27
2.293
2.582
2.282
2.682
2.276
1.196
1.099
1.871
0.85
1.047
1.388
0.04
-0.06
-0.5
-0.2
-0.4
-0.3
0.334
0.579
0.201
0.682
0.791
1.17
1.139
1.005
1.928
2.093
2.557
2.004
1.882
2.682
2.782
2.096
1.832
2.174
1.622
1.458
1.513
1.235
0.84
0.64
-0.4
0.0
-0.2
-0.1
-0.366
0.017
1.224
1.492
0.878
1.678
0.491
1.508
1.017
2.256
2.506
2.148
1.178
1.307
2.017
1.621
1.563
1.801
1.999
1.236
1.262
1.282
-0.016
-0.106
-0.1
0.3
-0.5
0.0
-0.366
0.021
1.008
0.833
1.066
0.638
0.355
0.391
1.292
1.666
1.035
0.893
0.012
0.437
0.136
0.547
0.733
1.222
1.301
1.14
0.474
1.096
-0.241
-0.288
0.2
0.0
-0.4
-0.5
-0.066
0.717
0.882
0.502
0.756
0.483
-0.019
1.045
0.376
0.284
0.871
0.375
0.637
0.437
0.063
0.883
1.429
1.377
1.305
0.44
0.274
1.096
-0.327
-0.127
0.3
-0.2
-0.4
0.3
0.034
0.619
0.854
0.247
0.293
0.31
0.125
0.136
0.95
0.471
0.033
0.137
-0.163
0.737
0.515
0.591
1.445
0.722
1.224
0.689
1.206
0.835
0.275
0.55
0.0
0.0
-0.1
0.3
0.434
0.483
1.295
1.009
0.993
1.088
0.009
0.207
0.904
-0.063
0.133
0.652
0.852
0.199
0.91
0.807
1.415
1.226
1.001
0.811
0.794
0.726
0.694
-0.206
-0.1
0.0
0.0
0.5
-0.366
0.353
1.314
0.841
1.172
1.224
1.115
1.241
1.197
0.741
1.274
0.822
1.235
1.081
1.202
2.155
1.518
1.111
0.779
1.083
0.703
0.666
-0.206
0.594
0.0
0.4
0.4
-0.1
0.234
0.75
1.014
1.314
0.45
1.864
1.928
1.726
0.488
1.38
1.613
1.769
1.338
1.238
0.928
1.748
1.844
1.457
1.204
0.634
0.359
0.212
0.606
0.796
0.1
-0.4
0.1
0.2
0.534
0.352
0.414
0.803
1.256
1.717
1.463
1.379
0.836
0.486
1.221
1.682
0.849
1.312
1.656
1.113
1.72
1.848
1.343
1.667
1.063
0.153
0.953
0.853
0.5
-0.1
-0.2
0.2
0.234
0.353
0.713
1.531
1.035
1.109
1.023
1.139
0.393
0.382
0.829
0.637
0.889
0.894
0.745
1.659
1.721
1.812
1.552
1.394
0.977
0.614
0.853
0.053
-0.4
0.4
0.5
0.3
-0.266
0.868
0.579
0.914
1.233
0.862
0.41
0.829
0.627
0.08
0.011
0.679
0.779
0.665
0.27
0.874
1.72
1.144
1.474
0.811
1.458
1.262
1.314
1.014
-0.3
-0.2
-0.1
0.689
0.123
1.164
1.058
1.334
1.212
1.1
1.252
0.725
0.485
0.273
0.609
1.563
1.507
0.707
1.399
0.715
1.161
1.231
1.246
1.448
1.553
0.674
0.774
0.774
0.3
-0.5
-0.4
0.691
0.423
1.245
0.958
0.873
0.867
1.578
1.383
0.793
0.702
1.416
0.829
1.833
1.133
1.133
1.399
0.487
0.432
0.25
0.958
1.3
1.35
1.363
1.463
0.963
-0.1
0.0
-0.4
-0.309
0.423
0.641
0.858
1.261
0.85
1.157
1.102
0.845
1.385
1.599
1.312
1.216
1.007
1.289
1.024
0.57
0.515
0.45
1.394
1.233
1.942
1.189
1.514
1.7
0.2
0.0
-0.5
-0.111
0.123
0.268
0.791
0.898
0.919
1.096
0.881
0.488
0.496
1.154
0.885
0.999
0.79
0.69
1.127
1.071
0.202
0.877
1.051
2.142
2.37
1.68
0.811
1.2
0.3
-0.5
-0.1
-0.262
0.676
0.393
0.735
1.614
1.029
0.827
1.467
1.06
0.475
0.271
0.505
1.31
1.197
1.25
0.121
1.143
0.783
1.047
1.272
1.702
1.645
1.466
0.924
0.842
-0.4
0.3
0.4
-0.224
0.243
1.173
0.91
1.676
0.935
1.626
1.176
1.83
1.913
1.949
2.018
2.207
1.142
1.09
1.731
1.25
1.737
1.063
1.7
0.992
1.185
0.899
1.293
0.143
0.4
-0.3
0.3
-0.324
0.384
0.722
1.646
2.255
2.027
1.232
1.333
1.245
2.246
1.846
1.344
1.589
1.635
2.235
2.032
1.032
2.046
1.146
1.578
1.167
1.685
1.213
0.402
0.938
-0.5
-0.1
0.1
-0.222
0.056
1.153
1.248
1.133
1.17
1.326
1.357
1.544
2.048
2.023
1.645
1.536
1.568
1.868
1.317
1.284
1.451
1.256
1.206
0.897
1.473
1.279
1.142
1.142
-0.3
-0.5
0.5
-0.022
0.275
0.164
0.43
0.896
0.824
0.508
1.444
0.803
1.664
1.036
1.529
1.341
1.734
1.034
0.309
1.241
0.684
0.785
0.029
0.176
0.108
0.629
0.329
0.429
-0.4
0.3
0.0
-0.222
0.144
-0.156
0.2
0.0
0.4
0.1
-0.2
0.3
-0.1
0.0
-0.2
0.3
-0.4
-0.1
-0.4
-0.3
0.4
0.5
0.3
0.1
0.355
-0.456
0.444
0.244
-0.3
0.3
-0.3
0.578
-0.156
-0.356
0.1
-0.5
0.2
0.4
0.3
0.5
-0.5
0.4
-0.4
0.3
-0.2
-0.2
0.3
0.3
0.4
-0.5
-0.1
-0.2
0.255
-0.156
0.344
-0.256
-0.1
-0.5
-0.1
0.278
0.144
-0.256
-0.3
-0.1
-0.5
-0.2
-0.2
-0.3
0.4
0.2
0.4
-0.4
0.0
-0.4
0.0
-0.2
-0.5
0.0
-0.4
-0.3
-0.345
0.544
-0.256
-0.356
-0.3
0.5
0.2
0.278
0.144
0.344
0.1
-0.3
0.2
-0.2
0.5
-0.2
0.4
-0.4
-0.5
0.3
-0.1
0.3
-0.1
0.3
-0.5
0.0
0.3
-0.5
-0.045
0.044
0.044
-0.456
0.3
0.3
0.3
0.578
0.044
0.444
0.1
0.0
0.1
0.5
0.4
-0.4
0.4
-0.4
-0.4
0.3
0.4
-0.1
0.0
-0.1
-0.1
0.0
-0.5
0.4
0.047
-0.051
0.444
-0.256
-0.2
-0.2
0.1
-0.222
-0.056
0.244
0.1
0.4
0.0
-0.5
0.0
-0.3
0.4
0.1
-0.5
0.2
0.3
0.4
-0.5
-0.2
0.1
0.3
0.1
0.2
0.5
0.388
0.344
-0.156
