0.07551
0.38391
0.09236
-0.20985
-0.12455
0.155
-0.02731
0.12389
0.23152
-0.27029
0.11142
0.79625
0.04041
0.33017
0.02054
0.18539
0.634
1.15405
1.14545
0.22904
0.16814
1.00001
0.26157
-0.58121
0.01201
-0.14749
0.80864
1.19157
0.77009
-0.63756
-0.66287
-0.59432
-0.32557
-0.01717
0.29164
0.59072
0.07023
-0.77255
-0.55743
-0.07514
0.10831
-0.23081
0.24942
0.50586
0.60037
0.19098
0.40948
1.26711
1.27781
0.9783
0.66572
0.85563
0.19482
0.59911
0.72311
-0.25057
0.10929
0.7902
0.83424
-0.19413
-0.15727
-0.81456
-0.02195
-0.65063
0.37386
0.38238
0.48893
0.58233
-0.25327
-0.27468
-0.07376
-0.73868
-0.03189
-0.22786
-0.23638
0.95029
0.8458
-0.24765
0.1972
0.94662
0.17711
1.01176
0.46927
0.559
0.30135
0.80162
0.78509
0.06805
0.50588
-0.41542
-0.17084
0.26903
-0.5222
-0.63416
-0.09181
-0.04127
-0.0261
0.18233
-0.10542
0.59573
0.57427
-0.15351
-0.15412
0.08138
-0.41538
-0.20337
0.468
0.06946
-0.572
-0.04908
-0.16702
0.77423
0.28954
0.63914
1.21833
0.86949
0.56274
0.39556
0.23042
0.90102
0.03652
-0.49142
-0.32833
-0.03453
-0.07749
-0.12218
-0.28116
-0.11061
0.37251
0.4809
0.1958
0.19854
0.17441
-0.16302
-0.23654
-0.08507
-0.33346
-0.60542
0.06609
-0.41472
0.35863
0.07171
0.07148
-0.07738
-0.03926
-0.61186
0.53643
0.43432
-0.25359
0.86671
0.21902
0.12809
-0.68476
-0.88067
-0.58139
-0.17256
-0.43664
-0.28235
-0.13826
-0.34685
0.17087
-0.31929
0.59176
-0.21282
0.08
-0.05244
-0.35497
-0.44823
-0.74665
-0.04787
-0.41601
0.29629
-0.26336
0.68373
0.84167
0.04865
-0.07286
-0.24047
-0.09303
-0.09566
0.66579
0.60711
-0.33635
-0.18041
-0.38911
-0.57754
-0.50262
-0.56449
-0.04636
-0.69136
-0.93469
-0.74608
0.36642
0.17588
0.18855
0.49044
0.78197
0.05192
-0.97069
-0.78428
-0.07026
-0.03238
-0.29087
-0.04252
-0.82884
0.24404
0.31353
0.05871
0.43912
-0.23143
0.0174
-0.0168
0.22474
0.78579
0.01933
0.08497
0.22067
-0.15713
-0.60003
0.37132
-0.09027
-0.40336
-0.79854
-0.10754
-0.13953
0.16979
-0.31398
0.08899
0.17913
0.24173
0.04342
-0.05383
-0.62741
-0.00239
-0.59472
0.35882
-0.10077
-0.17553
0.23011
-0.24567
0.00716
-0.35852
0.56755
-0.49073
0.12856
-0.63048
0.15837
0.38457
0.102
-0.22257
0.4659
0.08209
-0.03687
-0.59602
-0.70301
-0.80047
-0.14907
-0.33986
0.58527
-0.31359
0.07698
-0.16577
-0.51814
-0.58812
-0.05845
-0.75839
-0.16425
0.16289
0.0224
0.13558
-0.00951
-0.36394
0.04149
-0.31927
0.21659
-0.64642
-0.34405
-0.9244
0.27335
-0.0062
0.13319
0.66078
0.15499
-0.74063
-0.38807
-1.00904
-0.20548
0.19777
0.14415
-0.14667
0.48776
-0.11171
0.08178
-0.15116
-0.2882
0.22125
0.11454
-0.58221
-0.54318
0.26182
0.62604
0.4922
0.47294
-0.13436
0.88254
0.29428
-0.08411
-0.46737
-0.395
0.05343
-0.00596
0.57662
0.95022
-0.14753
0.42413
-1.08646
-0.3929
-0.46898
-0.59519
-0.59487
-0.35562
-0.34641
0.58857
-0.11203
-0.00375
0.17728
0.06815
-0.53415
-0.2786
-1.19006
0.28202
1.09549
1.23928
0.05478
0.42537
0.20084
-0.04416
0.6894
-0.04268
-0.27627
0.46572
-0.06692
0.53484
0.75289
0.70038
0.61149
0.52765
-0.21203
-1.06519
-0.7825
-0.33105
-0.92386
0.13996
-0.34641
0.39542
0.69796
-0.14632
-0.45124
-0.18189
-0.1526
-1.21411
-0.59422
0.90651
0.85802
1.05101
0.1211
0.50321
0.78057
-0.07248
0.01412
-0.59816
0.32321
0.81884
0.76832
-0.205
0.12467
0.60272
0.60031
0.94108
-0.23384
-0.77956
-0.19074
-0.75763
-0.03656
-0.26547
0.56232
0.52238
0.52376
0.59131
-0.48202
-0.12726
-0.50858
-0.91489
-0.63305
0.61339
0.08248
0.65077
0.1433
-0.4234
-0.25431
-0.89571
-0.58581
0.21288
0.37354
-0.11589
0.33074
-0.24112
-0.42195
0.99043
0.89122
0.74821
0.21735
0.59795
-0.54782
-0.37668
-0.73423
-0.15176
0.37595
-0.34281
-0.24032
-0.14721
-0.61119
-1.00344
-0.98105
-0.39352
-0.01061
-0.02629
0.12561
0.48701
1.32409
-0.10247
0.43299
-0.10807
0.53374
0.8949
0.60335
1.16246
0.96365
-0.05565
0.11161
0.02689
0.27492
0.97917
0.75558
0.05511
-0.33292
0.0478
-0.08164
-0.24276
0.38395
0.47612
-0.02002
0.28178
-0.17104
-1.04415
-0.96401
-0.28244
-0.09623
-0.68132
-0.28999
-0.5229
-0.5769
0.23865
-0.04972
0.38997
0.19744
0.90309
-0.12596
-0.17041
0.69241
0.16857
0.62181
-0.34401
1.08477
0.8959
0.24888
-0.56891
-1.06626
-0.26487
-0.09353
-0.0272
-0.21818
-0.03528
0.66782
0.6557
-0.20637
-0.31443
-1.44651
-0.70386
0.10784
-0.76859
-0.70952
-0.04513
0.01654
-0.27232
-0.64676
0.3503
-0.01223
0.7751
0.89886
-0.12282
0.50433
0.16074
0.60752
-0.26066
0.13373
0.44402
0.56994
0.38464
0.27551
-0.02111
-0.136
-0.12312
-0.31475
-0.15838
0.24121
0.41764
-0.8916
-0.34634
0.03134
-0.08382
-0.35037
-0.53447
-0.57742
-0.7587
-1.12161
-0.09223
0.38147
0.11216
-0.48399
-0.28253
-0.2478
-0.36625
-0.65217
-0.50595
-0.1993
-0.31503
0.98686
0.2742
-0.36692
0.27648
0.57059
-0.8734
-1.0329
-0.12455
0.38354
0.06202
0.53743
-0.00958
-0.72598
0.12614
0.01835
-0.1654
-0.26301
-0.73599
-0.17251
0.06775
-0.22293
0.45965
0.13859
0.18486
0.22317
-0.29503
-0.19381
0.11941
-0.20194
0.42151
0.42463
0.59564
0.82911
1.07031
0.16042
-0.27285
-0.08364
-1.17691
-0.6765
-0.22617
0.17817
-0.23613
0.11549
0.0491
0.24333
0.53934
-0.05264
0.24653
-0.41453
-0.56355
-0.36758
-0.39904
0.90507
-0.07888
0.3059
0.29857
0.11791
0.30341
-0.14446
0.53278
0.87077
-0.07241
-0.21575
0.50554
-0.33599
0.38165
0.42333
-0.08904
-0.08008
0.06547
-0.49968
-0.20492
0.58963
-0.32025
-0.11358
-0.17268
0.71774
0.52008
0.75395
0.19799
0.64881
-0.55756
0.13848
0.19296
0.1156
0.29359
0.18253
0.53565
0.40048
0.10324
0.39386
0.79595
0.09589
0.4319
0.24321
-0.30613
0.34208
0.08764
0.07483
-0.41301
0.4911
0.15982
-0.44241
0.30847
-0.10464
0.1096
0.3818
0.61347
0.57346
0.34262
0.27624
0.05891
0.76938
0.69242
0.36119
1.08012
0.22978
0.60469
0.29172
0.68046
0.83832
0.09074
-0.06682
-0.14923
0.41614
0.39997
-0.61255
-0.67449
-0.11351
-0.29983
0.14497
0.05581
-0.14822
-0.25389
-0.35028
0.58272
-0.12054
-0.38782
0.40664
-0.25423
-0.02308
-0.01054
-0.48001
-0.42309
0.49736
0.43346
0.02677
-0.11129
-0.15568
0.72528
-0.03447
0.58662
-0.21961
-0.15002
0.2697
0.36795
-0.09259
0.28839
-0.23211
-0.04611
0.19165
0.25647
0.27739
0.18642
-0.00875
-0.22428
-0.32258
-0.02291
-0.02771
-0.39831
0.4118
0.36211
-0.21474
0.19836
-0.43904
-0.08725
0.20937
0.31741
0.1286
0.08937
-0.21142
0.17227
0.57315
0.30442
0.10074
0.182
-0.02037
-0.12207
0.38049
-0.31294
0.27833
0.27071
0.46737
-0.02707
0.57736
-0.11007
-0.40686
0.09275
-0.20531
0.27902
0.57469
0.59517
0.39765
0.15282
-0.23358
0.28289
-0.24856
-0.50295
-0.30052
-0.19679
0.40756
0.16488
-0.13705
-0.05017
-0.34851
0.28614
0.18496
-0.13647
0.15415
0.15476
0.55994
0.46572
0.56745
0.16199
-0.34247
-0.0334
0.56393
0.36409
-0.42996
0.08178
-0.01329
0.47774
0.17401
-0.10938
0.49463
0.1541
0.0607
-0.3087
0.07106
0.42144
-0.1795
-0.37948
0.4135
-0.43058
-0.13479
-0.15014
0.2614
0.58887
-0.31085
0.17659
0.47161
-0.12614
-0.32738
-0.32932
-0.43521
-0.04285
0.35927
-0.43683
-0.03996
-0.23023
-0.22649
-0.12318
-0.42345
-0.02418
-0.12888
-0.01158
-0.30427
0.55573
-0.03333
-0.40143
-0.41478
-0.16604
-0.06561
0.53361
0.02642
0.38505
0.58507
0.16757
-0.43376
0.09673
0.59604
-0.02346
-0.23304
0.26719
-0.33318
0.26646
-0.2334
0.16307
0.36521
0.26809
-0.03573
-0.02758
-0.027
-0.42472
0.27565
0.57543
0.27094
-0.11121
-0.10453
0.05864
0.56953
-0.09921
0.29377
0.14125
0.24084
0.14079
-0.06836
0.19077
0.2929
0.17501
-0.32862
0.39069
0.00121
-0.01859
-0.32838
0.57285
0.27344
0.17329
0.07299
0.57292
0.47309
0.27484
-0.33026
-0.03304
-0.32874
0.47299
-0.12689
0.17551
-0.32766
0.08533
0.09107
0.16355
-0.02739
0.39348
0.5908
0.45447
-0.04569
0.35323
0.04511
0.58655
-0.01234
0.27672
-0.0256
0.3704
-0.40445
-0.01806
0.27493
-0.22438
-0.22406
-0.12416
0.17584
0.47584
0.27584
-0.123
0.27306
0.05684
0.37003
-0.3264
0.47362
0.47591
-0.32323
-0.32251
-0.32541
0.46186
-0.24016
-0.43449
0.2777
0.38285
-0.41763
0.48096
0.1738
-0.42706
0.47407
-0.32448
-0.32456
0.27567
-0.32478
-0.32402
0.37579
0.17562
0.57594
0.57584
-0.22416
-0.22416
-0.42416
0.277
-0.12634
0.56175
0.06324
-0.13807
-0.33803
0.07591
0.17677
0.37748
-0.32542
0.26183
0.25976
-0.23492
-0.42298
-0.21743
-0.31791
0.48087
0.57396
0.47277
0.57388
-0.22453
-0.12465
-0.02456
-0.32448
-0.12416
-0.42435
-0.02438
0.27594
0.27584
0.17584
0.37584
0.27584
0.47698
-0.32578
0.46381
0.46317
0.36206
0.46227
-0.42409
0.17667
0.47738
0.17568
-0.03696
0.26035
-0.23562
0.47551
-0.3188
-0.21912
0.18054
0.17422
-0.4271
0.2739
0.57548
0.27535
-0.42456
0.57552
-0.12416
0.57565
0.57562
0.47594
-0.02416
0.47584
0.37584
-0.32416
0.57678
-0.42431
0.36828
0.06373
0.16298
0.26333
0.47584
-0.12416
0.47644
-0.22119
-0.33349
0.06303
0.46266
-0.32579
-0.41953
-0.11959
0.28015
0.07502
-0.1264
0.47394
0.37552
0.47535
0.47544
-0.12446
0.07584
0.07565
-0.1244
0.47592
0.47584
0.17584
-0.22416
-0.32416
0.27623
0.07661
-0.22274
0.56773
0.06665
0.46636
