-0.2
-0.3
0.5
-0.2
0.311
0.632
1.31
0.91
0.71
0.891
0.89
0.619
1.319
2.104
2.298
3.339
2.619
3.519
2.619
3.622
2.978
2.43
1.956
1.66
0.648
0.51
0.138
0.238
0.4
-0.3
0.3
0.2
-0.489
-0.168
0.41
0.81
0.71
1.873
1.572
2.445
3.283
3.159
2.632
3.339
3.019
2.919
3.319
2.852
2.23
2.939
2.304
2.422
2.652
1.922
0.738
0.338
0.1
0.5
-0.2
0.5
-0.089
0.332
1.21
1.667
2.609
2.415
3.329
2.251
2.36
2.539
3.494
2.965
3.019
2.919
2.719
3.466
2.828
2.237
2.836
2.775
2.163
2.775
0.138
0.438
0.4
-0.4
0.5
0.0
0.411
0.25
1.45
2.333
2.127
3.173
1.863
1.772
2.106
2.402
2.286
2.493
2.25
1.531
1.61
1.699
2.446
2.058
2.116
1.35
1.495
1.411
0.604
0.912
0.5
0.2
0.0
0.2
0.211
0.456
1.571
1.868
1.751
1.856
1.716
0.154
1.621
1.597
1.107
0.419
0.165
0.399
-0.003
1.378
0.833
0.749
0.913
1.202
0.959
1.173
0.321
0.655
0.4
0.3
0.3
-0.3
0.011
0.202
1.212
2.135
1.546
2.302
1.125
0.197
0.99
0.986
0.746
0.982
-0.101
0.399
0.11
0.329
0.588
0.936
1.282
1.602
1.159
0.873
0.466
0.666
0.1
-0.2
-0.5
0.5
-0.489
0.534
2.158
1.949
1.879
2.098
0.784
-0.039
0.654
0.689
-0.154
-0.101
0.799
0.799
0.17
0.397
0.775
0.409
0.845
1.325
1.604
1.268
0.808
0.481
-0.4
-0.4
0.1
0.5
0.511
0.067
1.522
1.297
1.579
1.702
1.184
0.293
0.539
0.753
0.246
1.204
1.304
0.91
1.256
1.914
1.176
1.996
1.873
0.788
0.681
0.894
0.076
0.676
-0.1
0.5
-0.4
-0.2
-0.189
0.266
1.689
1.43
2.015
2.043
1.985
1.258
1.963
0.934
0.904
1.65
2.053
1.745
1.682
2.491
1.762
2.092
1.455
1.02
0.791
1.31
0.176
0.476
0.5
-0.2
0.2
0.4
0.211
0.638
1.989
1.889
2.187
2.077
2.303
1.437
2.155
2.172
2.218
2.568
1.991
2.491
2.385
3.063
1.596
1.539
2.461
1.688
1.172
0.88
1.086
0.46
0.4
-0.2
-0.4
-0.5
0.411
0.637
1.489
2.169
1.723
1.46
1.789
1.556
2.352
1.536
2.182
2.672
2.606
2.766
2.34
2.646
2.83
1.846
2.151
1.847
0.701
1.017
1.317
1.317
-0.1
0.2
-0.2
-0.4
-0.489
0.085
0.977
1.639
2.608
1.648
1.37
2.24
1.505
0.945
1.51
2.337
1.489
1.479
1.509
2.769
2.154
2.209
2.515
1.512
1.947
0.989
0.517
0.717
-0.5
-0.4
-0.4
0.3
-0.289
1.049
0.863
1.691
2.768
1.296
1.795
1.141
0.744
0.443
1.186
1.507
1.609
1.283
1.23
1.881
1.91
1.248
2.116
0.95
1.848
2.312
1.589
1.489
0.3
0.0
0.4
0.096
0.591
1.3
1.653
1.364
1.625
1.756
1.26
0.217
0.814
0.216
1.264
1.449
1.262
1.062
0.811
1.633
1.815
1.123
1.103
1.306
1.748
2.248
2.148
1.748
-0.1
-0.1
0.5
0.387
0.391
0.317
1.953
1.922
1.473
0.761
1.27
0.857
0.864
0.939
1.055
1.508
1.608
1.808
1.404
1.017
0.83
0.554
1.66
1.72
2.022
2.928
2.528
2.628
-0.2
-0.4
0.2
0.087
-0.109
0.652
1.853
1.877
2.029
1.742
1.215
0.486
0.52
0.996
1.111
1.364
1.257
1.591
0.397
0.673
0.486
0.754
1.618
1.348
2.585
2.479
2.475
2.494
0.3
-0.1
-0.5
0.293
0.291
0.111
0.565
2.246
1.227
2.389
1.748
1.149
0.714
1.203
1.736
1.198
0.906
1.406
0.812
0.388
1.389
0.683
1.259
1.814
2.606
2.773
2.672
2.394
0.4
-0.1
0.3
0.5
0.421
0.78
0.924
2.211
1.487
2.252
1.602
1.924
1.925
1.456
1.199
0.951
1.351
0.818
0.52
1.018
1.449
1.221
2.484
2.066
2.086
2.458
0.742
1.726
-0.4
-0.4
0.0
0.242
1.061
1.46
1.541
1.554
2.827
2.613
2.788
2.947
2.881
3.012
2.896
3.477
2.94
2.933
2.868
3.017
2.352
2.25
2.375
2.48
2.024
1.826
1.091
0.901
0.1
0.0
-0.5
0.342
0.085
0.855
1.806
1.786
2.033
2.656
3.12
2.666
2.654
2.854
2.961
3.005
2.642
3.542
2.311
2.734
2.356
2.856
2.183
1.989
1.781
1.239
1.175
0.784
-0.4
-0.2
-0.2
-0.114
0.416
0.746
1.505
0.912
0.827
2.692
2.333
3.015
2.946
3.145
2.965
3.164
3.249
2.849
1.877
2.268
2.098
1.644
1.166
1.733
0.632
0.434
0.113
0.813
0.1
-0.3
-0.2
0.386
0.521
0.18
1.08
1.121
0.641
1.563
1.829
1.756
2.667
3.074
3.288
2.538
2.418
1.918
1.475
1.755
2.23
0.961
1.648
1.048
0.508
0.154
0.054
0.054
0.5
0.3
-0.5
-0.114
-0.071
0.229
-0.3
-0.1
0.3
0.4
0.0
0.2
-0.2
-0.2
0.1
0.4
-0.3
0.4
0.2
0.3
-0.3
-0.4
0.1
0.4
0.684
0.029
0.329
-0.071
-0.4
-0.1
-0.5
0.186
-0.471
-0.171
0.5
0.3
-0.5
-0.1
-0.1
-0.4
-0.5
0.1
0.1
0.3
0.4
-0.2
-0.3
-0.2
0.0
0.2
0.0
0.2
0.384
-0.071
0.229
0.029
-0.2
-0.5
0.0
0.686
-0.371
-0.371
-0.2
-0.1
-0.4
-0.3
0.3
0.0
0.1
-0.1
0.4
0.0
-0.3
-0.3
0.3
-0.2
0.3
-0.4
0.1
0.3
0.184
-0.471
0.429
-0.571
0.0
0.2
-0.4
-0.114
-0.571
0.229
-0.5
-0.4
0.1
0.2
0.4
0.2
-0.3
-0.5
-0.3
-0.4
0.1
-0.5
0.1
-0.1
0.4
0.2
0.4
0.1
0.384
0.129
-0.071
0.229
0.3
-0.5
-0.1
0.186
-0.371
0.229
-0.1
0.0
0.1
-0.2
-0.1
-0.3
0.5
0.5
-0.5
-0.2
0.1
-0.2
-0.2
0.2
-0.1
-0.4
-0.2
-0.5
0.461
-0.262
0.029
-0.471
-0.4
0.1
0.2
-0.014
-0.471
-0.271
0.1
-0.2
0.0
-0.1
0.2
0.4
-0.3
0.1
-0.2
0.1
0.5
0.1
-0.1
0.3
-0.2
-0.4
-0.4
0.0
-0.5
0.661
-0.271
-0.271
