0.1
-0.2
-0.5
0.2
-0.219
-0.432
0.261
-0.339
-0.539
0.487
-0.497
-0.255
-0.455
0.139
-0.415
0.288
0.219
-0.081
-0.081
0.33
-0.009
-0.015
0.468
0.548
-0.482
0.461
-0.436
0.364
0.2
0.5
0.2
0.4
-0.519
0.168
-0.139
0.061
0.461
-0.402
0.199
0.144
0.416
-0.418
0.487
0.188
0.119
-0.381
0.319
-0.469
-0.426
-0.424
-0.041
0.519
-0.396
-0.431
-0.136
0.464
0.3
0.0
-0.1
0.1
-0.419
-0.132
0.261
-0.021
-0.429
-0.201
-0.176
0.232
-0.384
-0.412
-0.289
-0.491
-0.081
0.119
-0.481
-0.258
0.264
-0.054
-0.285
0.198
-0.313
0.474
-0.036
-0.336
0.0
-0.5
0.3
-0.2
0.481
-0.416
0.469
-0.317
-0.343
0.117
0.261
0.379
0.458
-0.31
-0.388
-0.488
0.494
-0.32
0.063
0.352
0.429
-0.017
0.112
0.194
-0.119
0.372
0.376
-0.025
-0.4
0.3
-0.1
-0.4
-0.519
-0.34
-0.241
0.366
0.167
0.404
-0.156
-0.484
-0.288
-0.003
0.137
0.028
-0.383
0.535
0.246
-0.318
0.159
0.309
-0.122
0.361
0.332
0.019
0.249
0.464
0.5
0.1
-0.1
0.2
-0.019
-0.239
0.45
0.351
0.354
-0.513
0.459
0.502
0.116
-0.199
0.209
-0.462
-0.165
0.435
-0.262
0.345
-0.144
0.093
0.384
0.161
0.032
0.119
0.057
-0.443
-0.3
-0.1
0.4
-0.1
0.481
0.363
0.455
0.056
0.157
-0.004
-0.344
-0.474
-0.477
-0.198
0.105
0.035
0.435
0.335
-0.172
-0.29
0.344
0.464
0.48
0.458
0.037
0.025
-0.346
0.154
-0.5
0.4
-0.3
0.2
-0.319
0.062
0.254
0.357
-0.543
-0.006
0.54
0.417
-0.217
-0.527
-0.095
0.036
-0.164
0.515
-0.36
0.324
0.061
0.366
0.075
-0.337
-0.516
0.27
-0.049
0.251
0.3
0.5
-0.5
-0.4
-0.019
0.36
-0.049
-0.247
0.354
0.525
0.426
0.108
0.486
0.21
-0.485
0.547
-0.475
0.312
0.261
-0.472
-0.533
0.294
-0.378
-0.3
-0.539
-0.54
0.451
-0.549
-0.3
-0.2
0.3
0.3
0.481
-0.341
0.351
0.351
0.353
-0.469
-0.031
0.08
0.065
0.088
0.293
-0.193
-0.119
-0.419
-0.26
-0.455
0.473
-0.008
0.41
0.087
-0.34
0.355
-0.348
0.152
0.1
-0.3
0.4
-0.4
0.481
0.158
-0.049
-0.218
-0.5
0.315
0.066
-0.419
-0.542
0.485
0.389
0.289
0.477
-0.539
0.246
-0.227
0.175
-0.116
-0.001
-0.34
0.269
-0.146
-0.446
0.154
-0.1
-0.2
-0.1
-0.2
-0.119
-0.042
0.055
0.384
0.17
-0.129
0.069
-0.476
0.082
0.48
0.243
-0.424
-0.019
-0.4
0.265
-0.525
0.4
-0.327
-0.229
0.14
-0.323
-0.549
-0.146
-0.046
0.1
0.2
-0.3
-0.1
0.381
0.279
-0.303
-0.509
-0.529
0.479
0.095
-0.37
-0.434
-0.173
-0.46
-0.149
-0.45
0.186
0.249
-0.312
-0.279
0.205
0.291
-0.259
0.303
-0.586
0.251
-0.149
-0.1
0.5
0.3
-0.297
0.312
0.395
-0.197
-0.077
0.143
-0.119
-0.204
0.144
0.016
0.201
-0.294
0.224
0.454
-0.346
0.429
0.254
-0.51
0.505
-0.409
-0.552
-0.193
0.139
0.439
-0.561
0.3
-0.2
0.5
-0.397
0.212
-0.405
-0.497
0.492
-0.304
-0.315
-0.021
0.245
-0.256
0.017
-0.533
0.097
0.197
0.097
-0.233
0.487
-0.397
-0.277
-0.472
0.267
0.133
0.27
-0.33
0.47
-0.1
0.3
0.5
-0.497
0.112
-0.005
-0.297
0.487
-0.405
-0.407
-0.412
0.147
0.043
0.314
0.166
-0.004
0.097
0.492
-0.035
-0.014
-0.198
-0.177
0.43
0.367
-0.17
0.414
0.143
-0.318
-0.4
0.0
-0.2
0.303
-0.088
-0.229
-0.151
-0.416
-0.205
-0.095
-0.359
0.418
-0.476
-0.275
0.035
0.203
-0.479
-0.179
0.187
-0.185
-0.064
-0.237
-0.383
0.368
0.43
0.42
-0.256
-0.118
-0.3
0.2
-0.2
-0.097
-0.32
-0.251
0.147
0.369
-0.229
-0.004
0.436
0.249
0.44
-0.368
-0.463
0.055
0.141
0.27
-0.182
0.215
-0.065
0.345
-0.001
0.143
-0.387
0.306
0.141
0.27
-0.1
0.1
-0.3
0.013
-0.184
0.287
-0.274
0.053
0.271
0.322
0.356
-0.434
0.269
0.568
-0.024
-0.391
-0.293
0.138
-0.32
-0.256
-0.348
-0.049
-0.459
0.369
-0.552
-0.357
0.335
0.021
0.0
-0.3
-0.4
-0.287
-0.509
0.469
0.341
0.139
0.266
-0.288
-0.356
-0.044
0.461
-0.439
0.059
0.101
-0.085
-0.185
-0.137
-0.25
0.563
-0.137
0.058
-0.386
0.18
0.376
0.45
-0.457
-0.5
-0.2
0.3
0.113
0.166
-0.345
-0.337
-0.027
-0.285
-0.447
0.057
0.056
-0.244
0.161
0.556
-0.208
0.146
0.146
-0.077
-0.444
0.183
-0.311
-0.316
-0.26
-0.125
-0.137
0.459
-0.041
0.0
0.1
0.3
0.313
0.215
0.181
-0.143
0.054
0.203
-0.004
0.333
-0.064
-0.363
0.444
-0.256
-0.231
-0.015
-0.115
0.341
0.548
-0.147
-0.359
0.236
-0.03
-0.433
0.274
0.074
0.074
-0.4
-0.1
0.0
0.313
0.342
-0.158
-0.3
-0.2
0.0
0.3
-0.4
0.4
-0.5
-0.1
0.3
0.3
0.2
0.4
0.0
0.2
-0.3
-0.4
-0.4
0.3
0.136
-0.258
0.342
0.142
-0.2
-0.5
-0.1
0.113
0.142
-0.258
0.0
-0.5
0.5
0.0
-0.4
-0.4
0.5
0.0
-0.1
-0.1
0.2
0.0
-0.1
0.4
0.5
-0.5
-0.1
-0.5
0.136
0.042
-0.158
0.042
-0.2
-0.4
0.1
0.113
-0.158
-0.158
0.1
0.3
0.1
-0.1
0.2
0.0
-0.5
-0.3
0.3
0.0
0.1
-0.4
-0.1
0.2
0.3
-0.3
-0.2
0.2
-0.364
0.242
-0.458
0.142
0.5
0.4
0.1
0.413
-0.058
0.442
-0.1
-0.5
0.3
0.1
-0.3
0.3
0.0
0.5
-0.5
-0.3
-0.1
-0.2
-0.1
0.0
0.5
0.5
-0.5
-0.5
-0.164
-0.358
-0.358
-0.058
0.4
-0.2
-0.4
0.413
0.142
0.042
-0.2
0.1
0.1
-0.4
0.2
0.2
-0.1
0.0
-0.1
0.2
0.1
0.0
-0.3
-0.2
-0.1
-0.4
0.3
-0.2
-0.369
0.436
-0.058
0.042
-0.5
-0.1
0.1
-0.087
0.442
0.342
0.4
0.3
-0.2
-0.2
-0.5
0.1
0.0
-0.1
-0.4
0.0
-0.1
-0.4
0.5
0.3
0.1
-0.4
0.2
0.4
0.1
-0.483
-0.058
0.542
