-0.48736
0.51264
0.10614
0.50514
-0.17792
0.55734
-0.54304
-0.17313
0.30916
0.24787
0.37694
0.26178
0.29373
0.28417
-0.13539
-0.31238
-0.50402
-0.22006
0.38993
-0.33202
0.59344
-0.20033
-0.16586
-0.75811
0.00927
-0.41318
-0.24742
0.15258
0.41264
-0.38736
0.10624
0.40514
-0.00208
0.02602
-0.38811
0.39927
-0.36825
0.26439
-0.05344
-0.48108
-0.6402
-0.43381
0.30928
0.0815
-0.39818
-0.48589
0.48605
0.11706
0.02426
0.2468
0.64039
0.06137
-0.49217
-0.49002
0.16522
-0.33478
-0.28736
-0.48736
0.04061
0.45503
0.56676
-0.18726
-0.53393
0.35775
-0.4577
0.39602
-0.10688
0.37571
-0.25743
-0.21294
0.22615
0.45148
0.20244
-0.20198
0.29719
0.04208
0.50659
-0.02912
-0.16341
0.40781
-0.3475
-0.401
-0.13413
-0.23412
-0.51492
-0.11492
-0.45792
-0.32914
0.14609
0.01521
0.09688
-0.19709
0.49893
-0.29217
-0.20215
0.2724
0.34145
-0.52425
-0.30041
0.0122
-0.24982
0.06878
-0.12761
0.24685
-0.02851
0.69154
0.73867
0.03001
0.34516
0.10396
-0.04415
0.15404
-0.14301
0.35699
0.16192
0.21638
-0.34708
-0.266
-0.07266
0.33661
0.40736
-0.56325
-0.25643
-0.26278
-0.73261
0.00653
0.35526
-0.36567
0.0976
-0.21533
0.10148
-0.41756
0.39414
0.57392
0.28304
0.10528
0.41075
0.83019
0.22874
0.50819
-0.34714
0.15286
-0.14813
-0.54867
-0.47042
0.55967
-0.16085
0.06357
-0.09962
-0.35026
-0.29788
0.18382
-0.06259
-0.05675
0.20759
-0.27807
-0.42119
-0.1598
-0.10616
-0.38262
0.1691
0.36009
0.54863
0.12233
1.01376
0.82255
0.18505
-0.31443
-0.55871
-0.15871
-0.36737
-0.43942
0.46616
0.24411
-0.45351
0.04917
-0.2796
-0.39397
0.45388
-0.06345
-0.72149
-0.38186
0.41863
-0.18386
0.16979
-0.18835
0.08437
0.53708
-0.14213
0.69043
0.30438
0.28417
0.32026
0.29904
0.5112
-0.19627
0.3318
-0.1682
-0.37062
-0.04295
0.09107
-0.02668
0.15673
0.18668
-0.45633
0.48981
-0.16074
0.01219
0.44554
0.01545
-0.65086
-0.25865
-0.10429
0.44765
0.02449
0.33107
0.73869
0.24934
-0.08988
-0.08429
0.29769
0.79573
0.33819
-0.16378
-0.36872
-0.26872
-0.27097
-0.44379
0.45366
0.35518
-0.6018
0.42208
0.37382
0.30834
-0.19685
-0.26191
-0.21873
0.37089
0.44894
0.35297
-0.0924
0.05589
0.49364
0.49231
0.50637
-0.04875
-0.06766
0.2509
-0.02099
-0.30091
0.45329
0.44314
-0.46872
0.03128
-0.47141
-0.34488
-0.07445
-0.27099
-0.66002
0.32129
-0.29811
-0.02905
-0.45406
0.10591
-0.06514
0.07208
0.17009
0.08151
0.50006
0.0258
0.18351
0.41638
-0.0714
0.53662
0.31609
0.3468
0.07077
0.15644
-0.03482
0.06798
-0.06872
0.23128
0.45961
0.08971
0.22198
0.33068
-0.17743
-0.68321
-0.07075
-0.09546
0.13157
-0.12587
-0.02463
0.36227
0.33335
-0.29962
0.02542
0.43215
0.05707
0.25858
0.20276
0.28723
0.05911
-0.10926
-0.45442
0.47558
0.23072
-0.26311
0.03534
-0.36466
-0.13813
0.19046
-0.00201
0.10298
-0.78755
-0.26543
-0.39222
-0.27532
-0.49845
-0.54375
-0.36767
0.02666
-0.28398
-0.50704
0.03861
0.53575
0.03663
0.29304
-0.06175
0.40964
-0.15318
0.19991
0.24114
-0.67976
-0.57741
-0.27741
-0.29875
0.50125
-0.52427
-0.30692
-0.54145
-0.1345
-0.4362
-0.12516
-0.21174
-0.7141
-0.29073
-0.21398
-0.21085
0.07905
0.02426
-0.31665
0.27427
0.12687
-0.4922
0.7544
-0.13577
0.08181
-0.31273
-0.28087
-0.07308
-0.54777
-0.37727
-0.07499
-0.19782
-0.19782
-0.53389
0.42495
-0.45934
0.40691
-0.18136
0.33447
0.21176
-0.2388
-0.14925
-0.38024
-0.54819
0.09797
0.15041
0.18613
0.0486
-0.32405
-0.55405
0.18167
-0.00678
-0.00166
-0.57153
0.32133
-0.55033
0.17496
0.31552
0.51552
0.30218
-0.49782
-0.4978
0.16564
0.18262
0.05215
0.69056
0.22404
0.36019
-0.39355
-0.6596
-0.47209
-0.53905
-0.05591
0.09086
0.21417
-0.0079
-0.09525
0.28026
0.30038
0.14108
0.47299
0.1205
0.45591
-0.16912
0.18058
0.07122
-0.32878
-0.18641
-0.48641
0.10607
0.2653
-0.11
0.69585
-0.04826
-0.38488
0.18045
-0.29471
0.39629
0.54749
-0.1757
0.0034
0.34293
-0.12923
0.16196
-0.64752
-0.04166
-0.09037
-0.19525
0.46358
-0.54674
0.14898
-0.25439
-0.10173
0.29842
0.47412
0.04711
-0.35289
0.21605
0.57091
0.00941
-0.30952
0.64116
0.09871
-0.0256
0.09725
-0.27172
-0.14481
-0.06532
0.09275
-0.24886
-0.34481
0.3195
0.19116
0.20167
-0.44832
-0.46556
-0.12397
0.06468
-0.56135
0.28978
0.63576
0.51139
-0.10687
0.00644
-0.09356
-0.43998
0.10411
-0.30722
0.15761
0.51617
-0.05433
0.07523
0.3366
0.23684
-0.03203
0.35906
0.41293
-0.36444
0.0011
-0.32214
-0.21199
-0.21599
-0.05365
0.40943
-0.41419
-0.52286
-0.52698
-0.34506
-0.1845
0.51261
0.6923
0.19971
-0.30029
0.55347
-0.37214
0.42505
0.32151
-0.04023
0.54235
0.02098
-0.33495
0.10294
0.09699
-0.42164
0.05392
0.04672
0.13298
-0.65772
-0.38113
0.32665
-0.18154
0.54309
-0.13055
0.5538
-0.26491
-0.19569
0.0685
0.28993
-0.5541
-7.8E-4
-0.40078
0.36826
-0.45506
0.0397
0.09048
0.15483
0.05208
-0.39526
-0.39319
-0.15522
0.29099
0.26877
-0.25267
0.19222
-0.24981
-0.47933
0.12527
0.0449
-0.07993
-0.26352
-0.4113
-0.15312
0.62001
0.19762
0.43166
-0.14531
-0.38739
0.56858
0.46858
0.26081
0.23105
-0.48958
-0.21664
0.38716
-0.49333
0.09009
-0.47142
0.16334
-0.36779
-0.27009
-0.37655
-0.5138
-0.06311
-0.61381
-0.49254
-0.25979
0.15925
-0.32636
-0.41735
0.51252
-0.00645
0.06122
-0.24418
-0.55744
-0.03695
-0.08992
0.01008
0.21072
0.20784
0.36741
-0.38024
0.41444
0.37861
-0.11979
0.17859
-0.05604
-0.43724
-0.4392
0.18677
-0.64417
-0.21143
0.52701
-0.39579
0.0458
-0.0744
0.34151
-0.23331
0.19842
0.16374
0.24288
-0.21014
-0.01186
-0.29129
0.03287
-0.46713
-0.37571
0.46719
-0.62981
-0.03476
0.33488
0.52995
0.32138
-0.29606
0.23453
-0.04951
0.31131
-0.04674
-0.37968
0.39825
0.13891
-0.35751
0.37682
-0.09884
-0.33421
-0.14399
0.29757
-0.2862
-0.08901
-0.02189
0.31351
0.03752
-0.15994
-0.45994
0.32838
-0.36106
0.1124
0.22077
-0.40219
-0.34344
0.13661
-0.54951
-0.13094
0.26212
-0.24882
-0.31066
0.41052
-0.12011
0.28429
-0.57447
-0.4985
-0.151
0.17444
0.44852
-0.19319
-0.35089
0.24148
0.06197
-0.50392
-0.38511
-0.25994
0.24006
0.02458
-0.25581
0.11635
-0.31747
0.23314
0.06137
-0.26332
0.35779
-0.2808
-0.3841
0.05449
-0.21692
-0.41692
0.01542
0.47014
-0.5264
-0.09281
-0.26358
0.32017
0.61122
-0.25886
0.42513
0.30153
0.02425
-0.68004
0.34244
0.14006
-0.45994
-0.172
0.15309
0.11516
-0.55696
0.25077
-0.34684
0.1732
-0.43771
-0.18413
0.31515
0.25444
-0.61686
-0.01519
0.42195
-0.51704
0.48296
0.12592
-0.32384
0.32053
-0.22411
0.18053
0.61694
0.11425
-0.23905
-0.58004
-0.45756
0.03257
0.33257
0.32403
-0.54735
-0.57859
-0.04579
0.38916
0.45982
-0.36547
-0.19579
-0.42337
0.02676
-0.50998
-0.08194
-0.28089
0.06621
0.34813
0.13854
-0.43641
0.39582
0.61061
0.29594
0.5737
0.38892
0.49408
0.41922
0.11996
-0.65756
-0.28991
-0.48991
-0.38532
-0.35324
-0.54486
-0.29759
0.0678
0.14088
0.12246
-0.38896
0.02434
0.15335
-0.54813
-0.52001
-0.32044
-0.24944
0.2696
0.25937
0.6627
0.36851
0.39086
0.01179
-0.3534
0.43433
0.4072
-0.30616
-0.18005
-0.25757
