0.42043
0.25014
0.08435
-1.05359
-1.705
2.43108
4.96193
2.16215
1.88836
1.688
-0.14726
-3.49378
-2.83794
-2.55969
-2.95257
-4.03571
0.2239
-0.25416
-0.43255
0.86065
-3.86081
-4.14278
-3.9928
-3.74403
-3.29245
-3.27708
-3.93831
-5.16224
-1.50691
1.07319
1.82195
4.8716
0.42067
-0.34961
-0.21559
-1.35299
-1.70569
2.42123
5.40064
2.27729
1.36283
2.10925
-0.14159
-4.60035
-4.40177
-3.48954
-3.14992
-3.72628
0.77612
0.06988
-1.60536
-0.69083
-3.8216
-4.35955
-4.84813
-4.30245
-4.22251
-6.22614
-3.73017
-0.41952
1.15231
1.89194
1.65698
4.81923
0.12119
0.25075
-0.31684
-0.85469
-1.42797
2.46728
2.97515
1.75741
1.61093
0.76329
-1.05367
-4.87903
-4.02079
-3.65605
-4.00589
-3.36631
0.78308
-0.60316
-0.78954
0.16821
-3.75819
-4.15181
-4.37401
-5.01539
-4.39114
-0.70271
-0.25177
0.10973
1.74214
1.13376
1.53032
4.6587
0.51907
0.34877
-0.22047
-0.75799
-1.92157
3.03861
2.77207
2.08959
1.4839
3.5808
1.42794
-0.74826
-1.07133
-1.38181
-3.1312
-3.05218
0.93957
-0.12369
-0.8114
-0.11922
-1.07848
-0.70322
-1.89632
-3.66021
-3.07774
0.23762
2.27053
2.46203
2.89103
2.29806
3.81875
4.80817
-0.28324
-0.25369
-0.22176
-1.25936
-2.33656
2.92786
3.06743
1.98451
2.12198
4.86248
2.98907
-1.10464
0.36968
-0.60486
-2.27791
-2.50716
1.03048
-0.84342
-0.06047
-0.43535
0.18236
-0.51821
-1.97658
1.499
2.51205
-0.17885
3.10556
3.48897
2.3805
2.83438
4.1883
4.32625
-0.46935
-0.1405
-0.4223
-0.65729
-1.91077
2.5185
3.50673
1.54773
2.29157
5.13828
2.67036
-0.43968
-0.80978
-0.61297
-2.46103
-2.6402
0.06243
-0.52232
-0.68174
-1.0583
-1.2135
1.87981
3.13898
3.44028
3.52242
0.33439
3.50574
3.5768
3.09348
2.75685
4.6268
4.72642
0.26103
-0.5109
-0.21297
-1.36156
-2.52073
2.47196
3.39549
1.12611
1.90533
4.4991
2.58114
-0.5988
-0.81205
-1.20875
-2.52363
-2.94555
0.23774
-0.13281
-0.52576
-1.56835
-1.60817
3.28587
5.20765
4.0929
4.42073
0.66473
3.07212
4.24203
3.37559
2.663
3.92442
4.42518
0.58433
-0.48764
0.18156
-1.26955
-1.64692
2.59143
3.49363
1.20441
4.57387
4.68188
2.79552
-0.36709
-0.57558
-1.14394
-2.14816
-3.67385
0.66732
-1.1919
-0.92098
0.61285
1.42427
3.65603
3.88952
0.89039
0.62528
-2.6823
1.45215
4.54301
4.76205
3.47742
4.02398
3.82401
-0.38206
-0.25403
0.18736
-1.36631
-2.26586
2.86185
2.90259
1.33113
5.93515
4.82066
2.87618
-0.63414
-0.48926
-0.56866
-3.52479
-3.6403
-0.00403
-0.87801
1.15739
2.52862
4.10062
3.15533
3.58586
-1.96407
-2.05331
-5.1535
0.01418
4.42706
5.37406
4.31443
4.22705
3.6273
0.34851
0.57637
0.29393
-1.36063
-2.32533
2.0169
2.90532
1.95693
6.21764
5.60982
2.83237
-1.53149
0.09005
-1.51556
-4.02527
-4.80433
-1.79641
-1.52261
4.00796
3.16397
3.41154
1.13707
1.20465
-1.51453
-0.75134
-4.08213
1.56075
5.42096
5.06491
4.76376
3.78466
4.08644
0.34396
0.37175
0.09586
-1.16003
-1.65378
1.06985
1.22981
1.89396
5.50478
4.47179
3.1156
-0.68598
-0.2989
-1.99455
-4.2178
-5.06865
-0.91501
-0.79196
3.63657
2.72152
1.08975
-1.14201
-2.94021
-1.40844
-0.7708
-4.10575
1.60339
4.98209
4.84751
4.38335
3.69069
3.69862
0.22264
-0.08313
-0.54884
-1.4991
-2.38591
1.5453
1.29524
1.20857
5.165
4.82899
3.79317
-0.4964
-0.34731
-1.59764
-3.63385
-3.94076
4.39459
3.41654
4.45512
1.38531
-2.12113
-1.90179
-1.40627
-1.48362
-0.12075
-4.81244
0.40919
4.833
5.02589
4.06828
4.89235
4.4119
0.02653
-0.56168
-0.33539
-1.09233
-2.27665
1.11675
0.75175
1.7081
3.88454
4.22405
3.71392
-0.20524
-1.4359
-2.28768
0.50245
1.46414
5.46054
4.25757
3.6091
2.40739
-0.00459
-0.29238
-1.35778
-0.75577
-0.59074
-4.75951
-0.09385
4.65231
4.28634
3.1608
4.73453
4.77063
0.38422
0.29502
-0.79629
-1.75306
-2.01139
0.60126
0.5757
4.31749
4.1711
4.56441
3.42538
0.21435
-0.70308
-1.70646
0.70426
1.95428
4.44112
1.89288
-1.63108
-0.93096
0.02282
0.31704
0.72772
-0.13424
-0.15381
-4.97044
-0.10186
4.19424
3.94686
2.99276
2.77531
3.53228
0.53923
-0.21446
-0.24109
-1.69338
-3.02639
-0.99916
-0.01491
3.49324
4.31303
4.68353
5.15446
5.15008
4.82215
3.09869
2.19852
1.53798
-1.5887
-2.03458
-0.68804
-9.0E-4
0.68396
0.43704
-0.12413
0.29136
1.43613
-3.37239
-0.56769
4.00027
3.78746
3.15445
2.65248
3.00724
0.12678
-0.54575
-0.04029
-0.47631
-1.41301
-0.57918
0.65587
4.34507
4.39946
4.48717
4.96927
4.70631
5.02011
3.84347
1.81318
1.30983
-0.20794
-1.8868
-0.46567
-0.15933
-0.13826
0.72287
0.14327
1.05733
1.40391
-3.90918
0.38151
3.94467
3.68897
3.453
2.78605
2.22283
-0.36197
0.16759
0.24425
-1.10414
-1.77493
-0.50076
3.55605
4.72442
4.23166
4.82525
4.90781
4.10535
4.13152
3.6278
-3.20393
-5.5683
0.23006
-0.23159
-0.96864
0.18039
-0.36814
-0.42219
-0.07721
-0.4977
-0.03192
-5.07946
-0.11312
4.24736
3.08263
3.44776
2.26136
3.06577
0.53693
0.26616
-0.61079
0.36645
-4.17233
-0.48518
3.43589
4.13
4.17054
5.17819
4.21526
3.88261
1.37292
-2.54576
-3.66898
-3.53059
1.55002
-0.45402
-0.77835
-0.87331
0.23022
-0.31856
-0.6349
-0.4705
-0.14199
-4.71575
-0.18393
4.39541
2.86014
3.42381
4.51176
4.47748
0.23152
0.29765
-1.63193
-3.7144
-5.22285
0.00423
0.82954
1.42676
1.19819
1.45607
0.77359
0.84896
-1.51498
-4.37347
-4.29477
-3.02427
-2.68321
-1.93068
-0.42228
-0.96627
-1.40837
-0.60909
-1.72038
-1.2802
-0.70571
-5.57025
-0.88637
4.17065
3.64878
3.01685
4.68913
4.56771
-0.2625
-0.02891
-1.33137
-4.49097
-5.05287
-0.49333
1.42058
0.84655
0.26646
0.90834
-1.13106
-4.73714
-3.68507
-3.51032
-4.08148
-3.48191
-3.452
-3.35212
-2.04676
-1.46859
-1.62048
-1.3209
-1.39596
-1.15057
-1.37467
-6.00011
-0.49075
4.13282
3.341
4.11681
4.43712
4.7459
-0.00332
0.94765
-1.42625
-4.52134
-4.7257
-0.63399
1.05849
1.59925
0.5638
-3.15798
-4.12254
-4.75471
-3.7791
-3.82652
-4.10203
-4.10891
-3.65823
-3.23654
-1.68514
-0.16042
-0.51523
-1.70105
-1.37647
-0.63959
0.17953
-4.7285
0.55558
5.01056
4.95883
4.30255
4.75273
4.02971
-0.29729
0.38523
-1.15764
-3.52685
-1.03827
0.20662
0.49097
0.28005
0.03809
-1.82997
-1.62694
-0.60318
-0.94752
-0.98288
-1.5489
-1.1116
-2.79874
-2.79277
-1.50233
0.43177
0.12059
-0.77696
-0.60198
0.10439
0.45973
-1.66794
0.12173
2.05842
1.47565
1.34683
2.00544
2.01444
0.17278
0.55546
-1.5872
-3.42932
1.47052
-0.35794
-0.54029
-0.03575
-0.12505
0.58777
-0.40571
0.43482
0.11485
-0.29893
-0.26338
0.12321
-2.52145
-3.31195
-0.77706
-0.2076
0.55106
0.5483
0.14921
0.45141
-0.06181
-0.16128
0.53448
-0.06729
-0.0884
0.00378
-0.27808
-0.35452
-0.2241
0.35874
-1.58604
-3.0267
1.54818
0.21648
0.43778
0.46814
0.49596
-0.2974
0.59664
0.49555
-0.51977
0.45758
-0.40789
0.80761
-3.34252
-2.43051
-0.39039
-0.21909
0.0385
0.45084
0.35326
0.04034
0.31625
-0.37777
-0.48342
-0.18682
0.19613
0.39544
-0.39071
-0.16583
-0.22504
1.05765
-1.4844
-3.22268
1.038
-0.1798
-0.25299
-0.13409
-0.12018
-0.21724
-0.32289
0.26752
-0.14518
-0.55359
0.28095
0.00556
-2.43953
-3.03539
-1.19576
-0.23486
-0.47935
0.52339
0.52179
0.20808
-0.00294
0.19519
-0.40423
-0.20719
-0.11421
-0.01417
0.18789
-0.00706
-0.32524
1.05788
-0.78247
-2.91852
1.24105
-0.37842
0.05185
0.38971
0.09582
-0.30929
0.58313
0.07386
-0.54079
-0.53767
-0.3033
0.48752
-2.95513
-2.45419
-0.91942
-0.34722
0.50946
0.20946
-0.19165
-0.19464
-0.09392
-0.09371
-0.39281
-0.09692
0.28229
-0.51825
-0.11675
-0.0173
-0.12468
0.25824
-1.48242
-2.61949
1.49393
-0.02733
0.35293
0.3231
-0.17774
-0.09244
0.20003
0.29818
-0.31313
0.39055
0.32254
-0.08685
-1.77252
-3.23528
-0.39811
0.57008
-0.07555
-0.37566
0.42438
0.0246
-0.27483
-0.17469
-0.07074
0.42523
0.29086
-0.4169
-0.31721
-0.41739
0.17512
0.61221
-0.44344
-1.84293
0.71785
-0.2675
0.16553
0.03095
0.50075
0.19076
-0.11971
-0.02517
0.19664
-0.49826
-0.37571
-0.18044
0.50922
-2.65927
-0.70523
0.5232
0.12645
-0.17357
-0.07363
-0.47363
0.42637
-0.07363
-0.16886
0.22623
0.29006
-0.5117
-0.11279
-0.11309
0.1264
0.42653
0.33022
0.14328
0.09802
-0.21187
0.19409
-0.0499
0.23265
0.12576
0.12341
0.52121
0.52555
-0.17268
0.22505
0.32673
0.42674
-0.47505
-0.47387
0.32641
-0.27355
0.32643
0.42637
0.42637
0.32637
0.22637
-0.36907
0.42582
-0.51101
0.38985
-0.31036
0.18896
-0.2736
-0.27347
0.23028
0.24334
-0.10292
-0.21233
-0.10636
-0.05001
0.13372
-0.47317
0.52441
0.52122
-0.4754
-0.07326
0.32504
0.22669
-0.07327
0.42547
0.02613
0.12641
0.42645
0.22643
-0.07363
-0.37363
-0.27363
-0.27363
0.4309
-0.17412
0.28928
0.48987
-0.41034
0.38948
0.4264
0.32654
0.33027
0.24336
0.097
-0.11293
0.29422
0.25123
0.43457
0.32817
-0.27502
0.12092
0.52448
-0.27329
-0.075
0.12669
-0.27327
0.12547
0.02613
0.12641
-0.27355
0.12643
0.22637
-0.47363
-0.47363
0.12637
0.03082
0.3265
-0.40749
0.09108
0.18974
0.18958
-0.07363
0.52637
-0.36985
0.44388
0.49887
-0.51166
0.1938
0.2464
-0.36753
0.32657
-0.0752
-0.47776
-0.17399
-0.47332
-0.47503
0.22669
-0.47327
-0.47485
-0.4737
0.12641
-0.27353
-0.27357
-0.07363
0.52637
-0.27363
0.12637
0.42895
-0.16621
0.14766
-0.49855
-0.20969
0.28999
