0.5
0.2
-0.3
0.0
-0.404
0.07
0.028
0.228
0.528
0.248
0.344
-0.205
0.495
-0.099
0.425
-0.078
-0.097
-0.397
0.003
0.335
-0.259
-0.228
0.608
-0.208
-0.519
0.228
-0.455
0.245
-0.3
0.4
0.0
-0.4
-0.204
-0.53
-0.372
-0.472
-0.372
0.251
-0.449
-0.276
-0.239
0.141
-0.185
0.122
0.403
0.103
0.303
-0.051
-0.218
-0.515
0.114
0.498
-0.073
0.547
-0.355
0.445
0.3
0.1
-0.1
0.0
-0.504
-0.33
0.028
-0.021
0.049
0.356
-0.153
-0.394
-0.631
0.522
-0.273
0.623
-0.097
-0.397
0.103
0.158
-0.414
0.384
-0.295
0.089
-0.13
0.221
-0.155
0.145
-0.1
0.4
-0.3
-0.3
-0.304
-0.284
0.126
0.228
-0.411
-0.555
-0.457
-0.577
0.149
-0.324
0.284
-0.613
-0.348
-0.714
-0.029
-0.42
-0.268
0.072
-0.277
0.141
-0.35
0.403
-0.423
-0.129
0.0
-0.4
0.5
0.0
0.496
0.195
-0.234
-0.597
0.315
-0.055
-0.466
-0.311
0.15
0.547
0.388
0.017
0.191
0.296
0.294
0.366
-0.441
0.025
-0.066
0.611
-0.195
0.26
-0.233
-0.032
0.0
0.5
-0.4
0.0
0.096
0.119
-0.056
-0.215
-0.553
0.249
0.367
-0.318
0.158
-0.17
0.251
-0.693
0.096
-0.204
0.058
-0.26
-0.596
-0.394
-0.288
0.511
0.005
0.56
0.27
-0.13
0.3
-0.5
0.1
-0.5
0.496
0.073
0.079
0.482
-0.55
-0.044
0.5
-0.3
0.151
-0.172
-0.002
-0.404
-0.004
-0.104
-0.65
0.018
0.604
0.173
-0.139
0.182
0.252
0.291
0.467
-0.025
-0.2
-0.5
0.0
-0.3
0.096
0.112
0.347
0.264
0.15
-0.145
-0.354
0.359
-0.478
-0.116
-0.102
-0.24
0.26
0.364
0.024
-0.045
0.632
0.206
0.413
0.039
0.119
-0.432
-0.229
0.071
0.2
-0.5
-0.1
0.1
0.196
0.2
0.051
-0.34
-0.259
0.335
0.496
0.028
-0.085
0.346
-0.322
0.121
-0.57
0.288
0.302
0.046
0.14
-0.163
-0.021
0.086
-0.005
-0.356
-0.029
-0.229
0.2
0.0
-0.5
-0.3
-0.104
-0.115
-0.149
-0.449
0.231
-0.057
0.247
-0.372
0.026
-0.139
-0.141
0.062
0.341
-0.059
-0.036
0.361
-0.181
0.223
0.019
0.576
-0.625
0.256
-0.533
-0.256
-0.3
-0.1
0.4
0.2
-0.504
0.189
-0.049
0.332
-0.026
-0.191
-0.376
-0.233
-0.175
0.453
0.054
-0.555
0.024
-0.013
0.151
-0.542
0.057
-0.146
-0.049
-0.257
-0.268
-0.132
-0.432
-0.332
0.0
-0.4
0.1
0.0
-0.104
0.09
0.148
-0.607
-0.864
-0.027
0.325
-0.171
-0.237
0.157
-0.762
-0.459
-0.34
-0.122
-0.133
-0.527
-0.739
0.648
0.112
-0.609
-0.561
0.051
0.268
0.268
0.3
0.1
-0.1
-0.2
-0.404
0.423
-0.168
-0.425
-0.652
0.239
-0.265
-0.348
-0.032
-0.14
0.047
0.152
0.258
-0.53
-0.211
-0.019
0.171
0.072
0.41
-0.056
0.565
0.14
0.051
-0.049
-0.1
0.1
-0.1
0.34
0.377
0.084
-0.369
0.323
0.053
0.325
0.189
0.08
-0.308
0.113
0.417
0.291
-0.306
-0.106
0.584
0.6
-0.053
0.233
0.645
0.329
-0.181
0.132
-0.568
0.132
-0.2
-0.2
-0.3
-0.075
0.277
-0.208
-0.069
0.567
0.555
0.086
-0.145
0.565
-0.017
-0.251
0.56
0.558
-0.242
0.558
0.559
0.352
-0.218
0.251
0.082
0.127
-0.488
0.013
0.413
0.213
-0.1
0.3
-0.1
-0.475
-0.223
0.12
-0.369
-0.644
-0.039
-0.247
-0.132
-0.783
-0.511
0.355
0.066
-0.636
-0.449
-0.581
-0.543
-0.442
0.188
-0.249
0.569
-0.304
-0.207
0.062
-0.139
-0.504
0.5
0.5
0.4
-0.266
-0.223
-0.595
0.112
0.077
0.401
-0.188
-0.017
-0.089
0.006
0.575
0.564
0.085
0.317
-0.183
-0.262
-0.444
-0.151
0.159
0.226
0.093
-0.13
0.332
-0.339
0.196
0.3
0.4
-0.4
0.161
-0.517
0.41
-0.24
0.31
0.351
-0.828
-0.302
0.286
0.953
0.261
0.258
0.463
0.263
0.018
-0.547
-0.47
-0.136
-0.186
-0.253
0.617
0.154
0.007
-0.461
-0.521
0.5
-0.5
-0.3
-0.157
0.141
-0.606
-0.51
-0.106
0.235
0.057
-0.242
0.068
-0.146
0.564
0.579
0.673
0.193
0.318
-0.213
-0.465
-0.046
-0.23
0.265
0.012
-0.446
-0.163
-0.204
0.142
-0.3
0.3
0.1
-0.257
-0.003
-0.008
0.566
0.234
-0.301
-0.513
-0.239
0.006
0.403
0.203
0.205
-0.17
0.638
0.438
-0.683
-0.037
0.023
-0.077
-0.346
-0.28
0.275
0.237
0.044
0.089
0.4
-0.4
0.4
0.145
0.395
0.246
0.127
-0.256
0.279
0.279
0.558
0.11
0.073
0.592
0.306
-0.561
-0.842
-0.442
-0.32
0.252
-0.015
-0.236
-0.368
0.551
0.16
-0.418
0.297
-0.303
0.2
0.1
0.5
-0.455
0.325
-0.065
-0.42
-0.308
-0.002
-0.446
-0.622
-0.23
-0.523
-0.386
0.196
-0.88
0.202
0.202
0.002
-0.07
-0.01
-0.425
0.168
-0.548
-0.285
-0.509
-0.509
-0.509
0.2
0.3
-0.2
0.145
-0.049
0.051
0.0
-0.3
0.3
0.4
0.3
-0.3
-0.4
0.5
0.2
0.4
0.0
-0.1
0.2
0.3
0.0
0.5
-0.5
0.3
0.148
-0.249
0.351
0.351
-0.2
0.2
-0.1
-0.255
0.251
0.051
0.3
0.0
0.1
-0.5
0.4
0.4
-0.4
-0.3
-0.2
-0.4
-0.1
0.0
-0.2
0.0
0.5
-0.1
0.3
0.0
0.048
-0.249
0.151
-0.149
0.0
0.4
-0.3
0.145
0.151
-0.449
-0.5
0.3
0.2
0.2
0.3
0.5
0.1
-0.4
-0.1
-0.5
-0.4
0.2
0.4
-0.3
0.5
-0.2
0.0
0.3
0.348
0.251
-0.349
-0.349
0.4
0.4
0.3
-0.055
0.351
0.551
0.3
-0.2
-0.3
-0.2
0.2
-0.1
0.5
-0.2
-0.3
0.1
-0.5
-0.4
0.2
-0.2
-0.4
-0.4
0.0
-0.5
-0.552
0.551
-0.249
-0.349
-0.3
0.1
0.0
-0.355
-0.349
-0.449
0.0
-0.5
-0.5
0.0
-0.4
-0.4
0.5
0.3
-0.5
0.3
-0.2
0.2
0.2
0.1
0.3
-0.3
0.2
-0.3
0.446
-0.48
-0.049
-0.149
-0.1
0.0
-0.5
0.145
0.351
0.251
0.5
0.4
0.5
-0.3
0.5
-0.3
0.1
-0.5
0.5
-0.1
0.5
0.1
0.1
-0.2
0.0
-0.1
-0.3
0.0
-0.5
-0.563
-0.249
0.351
