-0.11051
-0.11051
-0.51208
-0.50795
0.40309
0.19447
-0.2626
-0.23115
-0.61261
0.42965
0.30448
-0.34529
0.55857
0.00505
0.21755
0.43608
0.27145
-0.0815
-0.53378
-0.51781
-0.34542
0.85108
0.0138
0.22482
0.31256
-0.61878
-0.54188
-0.04188
-0.11051
-0.51051
0.08748
0.09205
-0.54334
0.02016
-0.44884
0.29031
-0.02796
0.00437
-0.10764
-0.44825
0.15618
0.35349
-0.16927
0.37885
0.38488
-0.60644
-0.07892
-0.44969
0.03186
-0.20512
-0.48549
-0.59161
0.24967
0.72714
-0.05716
-0.45716
-0.21051
0.48949
0.10679
0.0183
0.47344
0.13043
0.3704
0.47339
0.54521
0.55248
-0.22653
-0.25114
0.08606
0.4843
0.01654
-0.18907
0.0868
-0.38766
-0.17804
-0.15139
-0.14826
-0.35352
0.29155
0.09455
0.49706
0.7162
-0.45267
-0.15268
-0.28124
0.31876
0.53873
0.55025
0.15934
0.20747
0.19568
0.74444
0.11557
-0.31441
0.23576
-0.45527
-0.87802
-0.19021
0.1698
-0.56661
-0.42675
-0.03763
-0.15839
-0.38374
0.05265
0.28123
-0.21217
0.01446
0.02872
-0.08153
-0.25066
0.31936
0.4445
0.3445
-0.24248
0.46295
0.26869
0.20158
1.33296
0.57728
-0.00965
0.10606
-0.22009
-0.76445
-0.59629
-0.32481
0.01356
0.02853
0.38628
-0.22831
-0.24298
-0.55706
-0.18175
-0.10489
-0.63575
0.64128
0.69054
0.15711
-0.12765
0.5474
0.14738
0.34738
-0.16677
-0.46344
0.24455
0.05132
0.65057
0.95277
0.21665
0.80674
0.17941
-0.51481
0.05799
-0.20844
-0.46868
0.14353
0.20949
0.01806
-0.16498
-0.10467
-0.23595
-0.1789
-0.32841
0.11168
0.21677
-0.35337
0.43765
0.01132
0.14738
0.24738
0.50358
-0.06249
0.4567
-0.04782
0.70668
0.06718
0.44232
1.05547
-0.08371
-0.67066
-0.21253
-0.27086
-0.42411
-0.30559
0.21088
-0.0935
-0.22228
-0.5981
-0.61005
-0.19331
-0.08205
-0.03983
0.35567
-0.28325
0.87066
0.65019
0.34737
-0.05263
-0.09518
-0.55551
-0.36392
-0.08257
0.11169
0.32984
0.03162
-0.10232
-0.3181
0.43015
-0.34754
0.29151
0.11167
-0.83453
-0.43147
-0.60809
0.00913
-0.40122
-0.41927
-0.34465
0.02325
0.74091
0.20711
0.24662
0.17201
0.76675
0.14737
0.34737
0.10543
-0.15451
-0.41858
-0.49701
0.13756
0.85747
0.96271
0.81802
-0.32063
0.05679
0.21407
0.12537
-0.41683
-0.00525
-0.6651
-0.13003
-0.5471
-0.56947
-0.8011
-0.36648
0.01716
0.09749
-0.0142
-0.04597
-0.12577
-0.439
-0.35263
0.14737
0.40543
-0.05351
-0.02744
-0.57193
0.15496
-0.15748
0.7098
0.533
0.11889
-0.06662
0.03334
0.20832
-0.55423
-0.12988
0.20458
-0.04851
0.22784
0.14202
0.06708
-1.07569
0.25545
0.80996
-0.0347
-0.36011
0.40192
-0.28969
0.14737
-0.35263
-0.41877
-0.27939
0.08731
-0.79496
-0.2186
-0.25478
-0.24074
0.3858
0.04029
0.04065
-0.02741
0.57675
0.40888
0.23298
-0.70363
-0.78365
0.28462
-0.48807
0.1538
-0.48405
-0.08557
0.61559
-0.45408
0.37924
-0.3568
-0.64648
0.54368
-0.15632
-0.12111
0.01919
-0.18412
-0.74456
-0.33968
0.31699
0.4528
0.35682
0.5161
-0.23344
0.06091
-0.15472
0.32832
-0.33801
0.06213
0.35919
0.23118
-0.1498
-0.3697
0.33725
0.23911
0.1316
0.46082
-0.32441
-0.57046
0.02954
0.08801
0.08801
0.25882
0.30628
-0.46986
0.07879
-0.3237
0.28605
-0.12493
0.55838
0.75022
-0.11629
0.03226
0.15516
-0.27999
-0.06905
0.09415
-0.26288
-0.46896
-0.08024
0.70488
0.02242
0.74645
0.52658
-0.31141
-0.33691
0.30942
-0.3869
0.18802
-0.41198
0.26448
-0.04614
-0.0758
-0.36327
-0.41831
0.17085
0.10275
0.2319
0.18881
0.35754
0.14738
0.35134
0.59101
-0.52381
-0.40721
-0.4774
-0.3544
-0.37176
0.17577
0.08899
-0.30713
0.42266
0.2921
0.54428
-0.33226
-0.03226
-0.21198
0.38802
0.23561
-0.49293
0.17093
0.22581
0.21124
-0.61875
0.15084
-0.16035
0.07376
0.13672
-0.05657
0.61629
0.35701
0.1673
0.22775
-0.23538
-0.03037
0.69147
0.0796
0.47756
0.5731
0.58373
-0.06767
0.31833
-0.41411
-0.31411
-0.41991
-0.01991
-0.4671
-0.69195
0.12555
-0.60871
-0.07248
-0.09539
-0.27398
0.33097
-0.54286
0.28166
-0.07185
0.77397
0.30667
0.14603
-0.21226
0.02043
0.67307
0.7335
-0.15977
0.3242
-0.28002
0.05817
-0.019
-0.0911
-0.60269
-0.29812
0.27115
-0.22885
0.02988
-0.09721
-0.75655
-0.31506
0.37068
0.45126
-0.01076
-0.44925
-0.14123
0.57098
0.41976
0.17498
0.53949
-0.55529
-0.19947
-0.18034
-0.19158
0.23652
0.5475
-0.39044
0.03403
-0.13437
-0.26789
0.00754
-0.71223
-0.70649
0.1981
0.3981
-0.46025
-0.18481
-0.02585
0.38737
0.00889
0.27174
0.03329
0.28117
-0.26511
0.27783
-0.30601
-0.43949
0.40301
-0.35406
0.16791
-0.53449
-0.0092
-0.58461
0.16936
-0.26234
0.07524
-0.42159
0.08474
-0.25013
0.45275
-0.55346
-0.48446
0.11554
0.07697
-0.58961
0.21968
0.26966
0.25923
-0.36354
0.28003
-0.41305
-0.05232
-0.3366
0.45704
-0.50703
-0.08983
-0.55999
-0.58032
0.4114
0.49181
0.35678
0.305
0.23647
0.61016
0.23605
-0.58614
-0.55963
-0.46048
0.40063
-0.38448
-0.18448
-0.21643
-0.56573
0.05008
-0.58645
-0.20068
0.29374
-0.10408
0.12177
-0.37336
-0.26262
-0.2773
-0.42986
-0.40312
-0.45929
0.25318
0.2443
0.26937
-0.00253
-0.29513
0.40132
0.2997
0.05695
-0.59396
0.08677
-0.47364
-0.28862
-0.28962
0.21038
-0.04431
-0.49078
0.39615
0.25185
-0.37101
-0.3922
-0.06273
-0.60434
-0.12225
0.41163
-0.45225
-0.1255
-0.60619
-0.35909
-0.66733
-0.28447
0.03276
0.17651
0.44369
0.12921
-0.30059
0.17087
-0.59854
-0.28489
-0.6606
-0.5606
0.09996
-0.50004
0.34543
-0.03571
0.33333
0.3725
-0.66165
-0.63812
-0.02019
-0.15068
-0.16072
-0.10677
0.5859
-0.2117
0.04152
-0.47602
-0.17918
0.39304
0.36995
-0.14748
0.24312
-0.41697
0.32346
-0.54026
-0.34304
-0.0204
-0.10346
-0.606
-0.09999
0.40001
-0.3248
-0.1231
-0.39969
-0.38375
-0.5508
0.00598
0.18288
-0.07656
-0.19489
-0.09366
-0.17282
0.14731
-0.48662
-0.12652
-0.16541
0.13264
-0.00257
-0.0755
-0.03259
0.23013
0.43262
0.28057
-0.51136
0.22123
0.20366
0.12896
0.30001
0.20001
-0.49999
0.01016
0.02739
-0.1419
-0.09435
-0.49195
0.47795
0.44622
-0.50806
-0.41533
0.27931
0.13102
0.1525
0.18588
0.05101
-0.62778
-0.31338
-0.49658
-0.73577
0.13116
-0.04511
0.22252
-0.12498
-0.56987
-0.22162
0.47635
-0.29999
-0.49999
0.21148
0.11944
0.13458
0.37164
0.35212
0.142
0.23891
0.10216
-0.50876
-0.37816
-0.11957
0.35531
-0.04469
0.2555
0.16171
-0.00846
0.19888
0.41701
0.38633
0.38265
-0.25116
-0.41581
-0.40085
-0.54935
-0.19425
-0.59425
-0.09999
1.0E-5
-0.20937
-0.01631
-0.12416
-0.37813
-0.33851
-0.0962
0.20091
0.55352
0.43358
-0.36559
-0.49154
-0.44356
-0.44295
0.28982
-0.51226
-0.21226
0.47478
0.25702
0.09107
-0.2052
-0.02384
-0.70338
0.2142
-0.06455
-0.49425
-0.49425
-0.39999
-0.29999
0.08422
0.07023
-0.33289
0.32284
-0.58605
0.09569
0.58665
0.08259
0.4698
0.39618
0.47116
0.36595
-0.53778
-0.01407
-0.22954
-0.00895
-0.45269
0.28248
0.13461
-0.4314
-0.22199
-0.4355
0.23315
-0.01935
-0.59243
-0.59243
0.30001
-0.39999
0.27748
0.35993
-0.46061
-0.29795
-0.53143
-0.49502
-0.14901
-0.14272
-0.03403
0.18975
-0.13342
0.28851
-0.11943
0.39167
-0.46912
0.26716
0.07478
-0.58125
-0.46297
-0.23205
-0.40949
-0.15155
-0.42475
0.27837
0.21487
0.41487
