-0.26723
0.43239
-0.46822
0.22395
-0.1935
0.54284
0.48649
0.29321
-0.31278
-0.0137
0.3742
0.54539
0.54223
0.12828
0.43404
-0.02035
0.6261
0.64059
-0.45007
0.25572
-0.36932
0.43124
0.23131
-0.49375
-0.32211
0.17906
0.58428
0.37514
-0.13003
-0.11532
0.06062
-0.01843
-0.36772
0.0319
0.43091
0.42286
0.30571
-0.15905
-0.11563
0.49158
0.27839
0.07064
-0.12218
0.48214
0.18352
-0.31393
-0.30666
0.10539
0.05873
-0.34565
-0.45083
0.45425
0.13
-0.1683
-0.36719
0.12432
0.417
-0.29338
-0.07254
0.64894
0.49878
-0.40888
-0.04564
-0.32329
0.33195
0.53157
0.03251
0.22445
-0.49414
0.23977
0.06258
-0.22442
-0.00528
0.01439
-0.39029
0.09569
0.49904
0.00246
-0.37443
0.52225
0.5717
0.16349
0.14889
0.55531
0.33113
0.43254
-0.46706
0.52013
-0.28421
-0.35311
0.5585
0.46187
-0.16953
0.61554
-0.1525
-0.13205
0.43321
-0.46716
0.33192
-0.27563
0.50947
0.33784
0.15586
-0.22476
0.197
0.4281
0.6119
0.36709
0.46736
0.05404
0.18913
0.08217
0.18997
-0.00412
0.57985
0.37993
-0.43417
0.35318
-0.223
-0.12708
-0.12595
0.20831
-0.26275
-0.06043
0.00984
0.0042
-0.04575
0.1596
0.33236
-0.36847
-0.2692
0.42484
-0.49249
0.33381
-0.44306
0.17767
-0.40163
0.23158
-0.08419
0.16618
0.37296
-0.06379
-0.46606
-0.06864
-0.4427
-0.01755
0.57171
0.37141
-0.22839
-0.15761
0.04487
0.07997
0.28307
0.28765
-0.27056
0.63387
0.6057
0.00425
-0.42618
-0.02489
-0.06832
-0.26905
-0.46953
-0.0756
0.30559
-0.06599
-0.33869
0.58364
0.19784
-0.07722
0.11887
-0.43487
0.29987
0.36828
0.42915
0.02735
0.21784
0.54609
0.25681
-0.14457
0.36335
0.55342
-0.43092
0.49248
0.49358
-0.01221
0.02848
-0.06523
-0.39563
0.40227
-0.12057
0.28008
0.53147
0.43073
0.02994
0.12371
0.30509
0.03447
-0.33169
0.0938
0.20783
0.42707
-0.06765
-0.33539
0.45247
-0.56591
0.32986
-0.07178
0.14204
0.17124
-0.24526
-0.15279
-0.44411
-0.33336
-0.10916
0.29399
0.09371
0.48556
-0.08246
0.2246
-0.29699
0.4018
0.56925
0.56961
0.13152
-0.46925
0.32969
-0.27659
0.30385
0.43438
0.2677
0.49502
0.1338
0.03524
-0.11815
-0.08787
0.15005
0.14197
-0.00856
-0.12113
0.12803
0.5615
0.05197
-0.14492
0.28204
-0.11568
0.39972
-0.22207
-0.12446
0.36564
-0.10641
0.41759
-0.10357
0.09451
-0.33202
-0.33167
-0.36862
0.03063
0.32869
-0.07811
0.00281
0.53465
0.27071
0.19698
-0.34765
-0.15832
-0.06927
-0.11892
-0.27542
0.01913
0.25614
-0.06239
-0.36243
-0.2227
-0.00821
-0.20106
0.63127
0.51932
0.02663
-0.52854
-0.53504
-0.34605
-0.41793
0.01513
-0.40616
0.09245
0.57224
0.27292
-0.06881
-0.46959
0.32862
-0.0785
0.50125
0.42921
0.07567
0.20758
-0.08118
0.20519
0.12652
-0.40492
-0.39962
-0.30049
0.36285
0.552
-0.03962
-0.10216
0.13892
0.63941
-0.3424
-0.07232
-0.37394
-0.1172
0.27244
0.36023
0.58854
0.21521
-0.20858
0.39075
0.4801
0.17989
0.23116
0.03035
0.52832
0.52116
0.20546
0.12469
0.4844
0.52276
0.05229
0.43694
0.15327
0.31982
0.28034
0.08279
0.24844
0.43921
-0.23145
-0.39866
0.0337
0.42988
0.43722
0.10388
-0.39676
0.29767
-0.21633
0.06301
-0.30111
0.61906
0.48803
-0.411
0.08448
0.48416
-0.16909
0.03059
0.52972
0.32237
0.11888
-0.26112
-0.13252
0.1973
-0.45464
0.03626
0.21865
-0.3184
-0.34536
-0.04198
-0.4542
-0.16864
0.18705
-0.08384
-0.37752
0.10075
0.4945
0.48696
5.7E-4
-0.19748
-0.50922
0.26434
-0.203
-0.06645
-0.28413
0.31003
0.48445
-0.21604
0.03283
0.23046
-0.06895
0.42364
-0.37955
0.34415
0.18562
-0.20197
0.14275
-0.25404
-0.10509
0.55488
0.42469
0.2111
-0.25947
-0.25902
0.46418
-0.30797
0.08867
0.07014
-0.33266
0.36093
-0.52138
0.49304
0.181
-0.04248
0.18962
-0.26706
0.13421
-0.06767
-0.19053
-0.19086
-0.36672
-0.36916
0.24043
0.23175
-0.55876
-0.43742
-0.11097
0.02728
0.01604
0.41007
0.26364
-0.17367
0.11344
0.496
-0.3797
0.22483
-0.45721
-0.1302
0.44598
0.24907
-0.13013
-0.15478
0.15333
-0.46163
0.22999
-0.16508
0.46862
0.2138
0.52599
0.52635
-0.38182
-0.28181
-0.46709
0.23062
-0.45393
0.03735
-0.26336
-0.55481
0.28874
-0.27636
-0.37929
0.11612
-0.39351
0.3913
0.49088
-0.12136
-0.33121
0.466
-0.1573
0.27532
-0.01283
0.38802
-0.12113
-0.44451
-0.04769
0.13952
-0.07398
0.0403
0.48926
0.33226
0.16124
-0.2389
0.35874
0.45894
-0.4689
0.22999
0.44783
-0.46072
-0.0605
-0.05444
-0.21119
0.0228
0.21807
0.01174
0.40916
0.30483
-0.19629
-0.22229
-0.33399
-0.23654
-0.55237
0.28069
-0.11245
0.18539
0.17372
0.45303
0.05185
-0.45986
-0.27134
0.14332
0.09138
0.43415
-0.34932
0.24956
0.04346
-0.35594
0.13141
0.13081
-0.15745
0.33557
0.34424
-0.45264
-0.20093
-0.39591
-0.49734
0.30598
0.00863
0.40754
0.5068
0.2859
-0.26427
-0.57543
-0.43772
-0.41315
-0.5151
0.18364
-0.22766
-0.15123
-0.4486
0.15328
-0.35137
-0.33988
-0.30041
-0.46197
-0.15157
0.04732
0.03868
0.43735
-0.46872
-0.16917
-0.17301
-0.37705
0.18899
0.32997
0.46388
-0.05563
0.05721
0.47363
0.57933
0.28452
0.25917
0.42556
0.21654
0.39125
-0.18351
0.54965
-0.44988
0.444
0.35663
0.14297
0.46345
0.09093
0.38769
-0.02462
0.31597
0.14613
0.10708
0.29699
-0.3471
0.55481
-0.16885
0.33361
-0.48052
0.1002
-0.10992
0.43331
0.25763
0.45617
0.07807
0.20447
0.4086
-0.09047
-0.11168
0.27397
-0.42498
0.56446
-0.33291
0.00357
0.51648
0.40713
0.52623
0.00958
0.01424
0.42307
0.22745
-0.39588
0.53521
-0.05433
0.28832
0.18709
0.3497
-0.04599
-0.36879
-0.46555
-0.47951
0.29957
0.39408
-0.06367
0.1547
-0.14873
0.27398
-0.31008
0.59054
-0.31579
0.18377
0.2825
0.18193
-0.32382
0.27883
0.60461
0.12014
-0.27644
-0.05852
0.52341
0.02728
-0.46779
-0.36836
0.27955
0.60074
0.62561
-0.42808
0.47412
0.15653
-0.34197
-0.26916
0.13493
-0.37742
-0.09709
-0.01132
0.01931
-0.26644
-0.17815
0.33255
-0.1733
0.04198
-0.03926
0.36515
-0.43548
-0.137
0.37449
-0.42456
0.19745
-0.28358
-0.28012
-0.27457
0.28594
-0.41023
0.39378
-0.11642
0.14784
-0.12485
-0.19249
-0.43125
0.36857
0.26097
0.26177
0.13203
0.13619
0.2243
0.00847
-0.08525
-0.28357
0.32161
-0.38244
0.32459
-0.38204
-0.27529
0.02984
0.12904
0.32929
-0.46881
0.53568
-0.27628
-0.16916
-0.35371
0.25144
-0.1479
-0.36134
0.40912
-0.28903
-0.2928
-0.1028
-0.16304
0.24726
-0.36923
-0.06728
-0.16781
-0.46729
0.23184
0.43614
-0.27517
0.31088
-0.36869
-0.07937
-0.37929
-0.38013
0.32993
-0.07246
0.32642
-0.07284
-0.37521
0.0199
0.12138
0.32603
-0.39334
-0.29404
0.4176
0.52512
0.22228
-0.17684
-0.47435
-0.27248
-0.47605
0.22676
0.42776
0.02567
-0.38263
-0.0806
0.52376
-0.17624
-0.36795
0.236
-0.0763
-0.18886
0.23232
-0.27939
-0.47752
-0.17369
-0.37057
0.42836
0.13115
-0.2755
0.52449
-0.37686
-0.17613
0.42665
0.10353
-0.09752
0.51558
0.02214
0.51939
-0.07778
0.12563
-0.37413
-0.17481
-0.07419
0.42364
-0.37731
-0.07966
-0.37975
0.12047
-0.47899
-0.46716
0.33637
0.42415
0.41077
0.1346
-0.07715
-0.37669
0.52523
-0.47349
0.22731
0.23085
-0.46815
0.52964
0.32588
-0.17204
-0.16839
0.00855
-0.19282
0.41906
0.52591
0.42354
-0.077
0.22327
0.22419
-0.37492
0.02751
0.02886
0.02695
0.1214
0.12144
-0.27649
0.32339
0.23363
0.13776
0.22577
0.51249
0.4336
0.42403
-0.17322
0.42929
0.13172
0.13153
-0.26804
-0.36849
0.42989
0.02856
-0.37121
-0.06762
-0.39026
0.10982
-0.37718
0.22994
-0.07165
0.32815
0.42914
0.52957
-0.07192
0.42938
-0.46945
0.32891
-0.17497
-0.47392
-0.37458
0.12522
-0.46629
0.43777
0.32642
0.51309
0.13685
-0.17236
-0.17025
-0.36776
0.23285
-0.36717
-0.36562
0.13361
0.13201
-0.06781
0.533
0.23542
-0.07767
0.01367
-0.27278
0.13301
-0.26827
0.43207
0.43239
-0.4676
-0.06773
-0.36775
0.1326
0.13222
-0.46955
0.02813
0.12644
-0.47368
0.33372
0.2368
-0.47199
0.01865
0.13523
0.43059
0.03241
0.03308
0.534
-0.36623
-0.36498
-0.46621
0.33249
0.33278
-0.46678
0.23401
-0.3631
0.019
-0.17101
-0.16599
-0.16669
-0.46663
0.23349
-0.16651
-0.06651
-0.46648
0.03383
-0.1658
-0.26537
-0.4688
-0.07092
0.32897
0.53349
0.43351
-0.36657
-0.3665
0.0331
0.2329
-0.46634
-0.36746
0.03232
0.13227
0.13364
0.43247
0.03275
-0.46693
0.03324
-0.06681
0.33325
-0.36707
0.23329
-0.36646
0.33331
-0.06663
0.53349
0.33349
0.13349
-0.06648
0.03362
0.43372
-0.16661
-0.16636
0.33251
-0.36806
0.53349
-0.36649
0.4334
-0.16653
0.33308
-0.3671
-0.16618
0.13286
-0.16801
0.23194
-0.36675
-0.268
0.33284
0.43316
0.23325
0.53324
0.23333
-0.46659
0.33336
0.23361
-0.26669
0.33337
0.43349
0.43349
0.03349
-0.16648
0.23362
0.13372
0.23342
0.53349
0.03254
-0.46758
0.13349
-0.36649
0.43342
-0.16652
-0.06688
-0.16706
-0.06627
-0.36721
0.13192
0.33187
-0.36687
0.53203
0.13286
-0.36683
-0.06675
-0.36676
0.53333
-0.26659
0.13336
0.53361
0.43331
0.13337
0.03349
0.53349
-0.16651
0.23351
-0.36648
0.03365
-0.26645
-0.26646
0.43258
0.13242
-0.46651
-0.36649
-0.26658
0.43349
-0.06682
-0.16703
0.43365
-0.16715
0.03199
0.23194
0.2329
-0.46793
0.03293
0.03318
-0.46674
-0.46676
-0.36667
-0.46657
0.33338
0.53361
0.23329
0.13335
0.03349
0.53349
-0.36651
-0.16649
-0.16646
0.03362
0.23379
0.33342
0.33327
0.23242
