-0.49324
0.50922
-0.08787
0.14067
0.17562
0.42705
0.37795
-0.66841
-0.58566
-0.28588
-0.02588
0.49327
0.0758
0.25049
-0.11072
-0.53222
0.08576
-0.04007
-0.26083
0.66055
-0.11788
0.17123
0.21748
-0.17816
-0.42941
0.27234
-0.08156
0.37424
-0.37889
-0.08925
0.10046
0.26747
-0.29281
0.50965
0.11234
0.14089
-0.02453
0.32819
0.18311
-0.56708
0.01286
-0.69098
0.37564
-0.39145
0.48617
0.35181
-0.10815
-0.0254
0.58513
0.06386
0.03093
0.74915
-0.02982
0.27059
0.39342
-0.31586
-0.11733
-0.47041
-0.3173
-0.15151
-0.47452
-0.17685
-0.10008
-0.63175
0.00704
0.2095
0.01215
-0.45947
0.57536
-0.07147
-0.66759
-0.68756
-0.38323
-0.27485
-0.01573
-0.09042
-0.52462
0.1014
-0.01998
0.49921
0.36453
0.03524
-0.07081
0.64802
-0.13108
0.26977
-0.0282
-0.33129
0.16456
-0.36821
0.15346
-0.16871
-0.49583
-0.59786
-0.30874
-0.33533
0.00682
-0.49072
-0.28762
0.34146
-0.22312
0.23032
-0.08311
0.09601
0.31449
-0.03322
0.21481
0.12103
-0.02161
-0.23841
0.41816
0.64977
0.22476
0.19967
0.51492
-0.17937
0.70254
0.71107
0.35411
-0.09674
-0.1938
-0.53472
0.36541
0.27175
-0.35004
-0.65093
-0.55819
-0.33362
-0.09313
0.50933
-0.48751
0.44166
0.57629
0.32775
0.3254
-0.68712
-0.47167
0.38389
0.32809
-0.49158
0.21822
-0.08068
-0.28388
0.63748
-0.0335
0.46524
0.51336
0.47966
-0.27509
0.74877
0.54831
0.23355
-0.67331
-0.66491
-0.62974
-0.21293
0.06263
-0.23661
0.25828
0.25995
0.10663
0.4091
0.31209
0.44123
0.37466
0.42822
-0.47222
-0.38121
0.34583
-0.10162
-0.45494
-0.50791
0.29718
-0.00681
-0.24772
0.64011
0.2036
0.21664
-0.43583
0.11841
-0.49915
0.27758
0.02086
0.46947
-0.65424
0.11701
-0.44411
-0.51313
-0.33733
-0.23611
-0.03929
-0.43933
-0.09336
-0.39089
-0.08849
0.34083
0.47477
-0.46974
-0.57125
-0.18107
-0.14935
0.19868
-0.05815
-0.32592
-0.4328
-0.11816
0.44928
-0.05955
-0.05077
-0.24085
0.3085
-0.31781
-0.43042
0.34443
0.54839
-0.23754
0.24641
-0.4718
-0.36823
0.28525
-0.53266
-0.64
-0.64437
0.05562
-0.09395
-0.29148
-0.48879
-0.45943
-0.02588
0.43282
-0.07296
-0.08664
-0.11309
-0.61516
0.00116
0.395
0.00798
-0.1063
0.05805
0.36993
-0.21153
-0.50694
-0.33442
-0.21004
0.24736
-0.16898
0.28844
-0.11067
0.22084
0.20719
-0.02663
-0.32597
-0.33883
0.15505
-0.04864
0.15134
0.40532
-0.49221
0.21099
-0.05964
0.57444
-0.16432
0.22706
-0.48887
-0.48194
-0.43786
0.15227
0.61508
0.0674
0.52983
0.40014
-0.34937
0.24456
-0.48302
0.49902
-0.57202
-0.66431
0.05431
0.23222
0.26758
0.51674
0.18201
0.19206
0.15289
-0.45086
-0.44537
-0.04422
0.2559
0.00463
-0.09293
0.3111
-0.25954
-0.22418
-0.27777
0.31622
0.11539
0.19442
0.12848
-0.28177
0.32108
-0.10861
0.15899
-0.46393
-0.59215
-0.28483
-0.25695
-0.20994
0.0902
-0.62397
-0.34723
0.43257
-0.2623
0.47306
0.11156
-0.39789
-0.45397
-0.66983
0.36279
0.26326
0.16341
-0.3956
-0.29314
0.31037
0.43985
0.17734
0.20297
-0.70129
0.12025
-0.55533
-0.46526
0.42735
0.63788
0.55975
0.4436
0.32645
-0.43657
0.46569
0.30613
-0.60907
-0.27095
-0.33426
0.09328
0.40156
0.32438
0.2491
0.29487
-0.27636
-0.13794
-0.69681
0.26898
0.0598
0.06363
-0.29379
-0.19385
0.30918
0.13864
-0.22026
0.30897
0.08947
0.20626
-0.01248
-0.3056
-0.33326
0.69169
-0.19266
0.42338
-0.56049
0.06125
-0.40579
0.16697
-0.02175
-0.32876
-0.40399
-0.16931
0.23634
-0.10118
0.3519
0.31271
-0.04477
-0.05568
0.06355
-0.2433
-0.04953
-0.13887
-0.49045
0.40278
0.40325
-0.36717
0.17601
0.01106
0.15995
-0.32845
-0.08705
-0.38143
0.16976
0.28644
0.63392
0.52723
-0.43678
0.02965
-0.1846
0.38292
-0.17279
0.08933
0.46668
-0.35807
-0.32594
0.27052
-0.25282
-0.19276
0.3422
-0.26332
-0.42309
-0.04987
0.15161
-0.62753
-0.18931
0.00391
-0.29545
0.23433
0.46165
-0.31079
-0.05421
0.01066
-0.30808
-0.20936
-0.34512
0.06188
0.26724
0.35261
0.25638
0.48488
0.49627
0.21722
0.47443
-0.05519
0.21086
0.09505
0.47547
-0.00137
-0.26698
0.20077
-0.0774
0.51994
0.26754
-0.08863
-0.03891
-0.30407
0.11251
0.00536
0.30617
0.13541
-0.15068
-0.56362
0.12093
0.26068
-0.32377
-0.02285
-0.22056
-0.335
-0.35015
0.21101
-0.22037
-0.3257
0.59731
-0.14567
0.01192
0.70377
0.488
-0.11372
-0.20906
0.49537
0.01188
0.28835
0.41795
0.01385
0.25082
0.19139
-0.36142
-0.22645
0.20703
-0.19052
-0.48491
0.34458
-0.2351
0.03517
-0.79383
-0.66652
0.08325
0.18533
-0.02798
-0.24791
-0.16013
0.51018
-0.12123
-0.02627
0.05207
0.718
0.38077
0.40206
-0.19062
-0.31045
-0.11501
0.59115
-0.18993
0.38326
0.20806
0.30325
0.09763
-0.00195
-0.2612
-0.66247
0.50734
-0.49023
0.51403
0.34851
-0.03049
-0.69124
-0.35436
-0.13168
0.28209
0.39208
0.27714
0.02459
0.08595
-0.48829
0.43214
-0.02197
0.29656
0.09214
0.39129
-0.40878
-0.50948
-0.4276
-0.32724
-0.30697
-0.26721
0.12147
0.61637
0.31019
0.39566
-0.40315
-0.28515
0.09199
-0.29343
0.20899
0.30959
-0.1424
0.50313
-0.6156
0.24494
-0.40633
-0.00891
0.0787
-0.22408
-0.23681
0.44866
0.06175
0.37622
-0.519
0.53429
-0.10099
-0.20187
0.28976
-0.30817
-0.09879
-0.21114
-0.18366
0.00359
-0.03221
0.74017
0.12551
-0.19673
0.39816
0.25591
-0.07065
-0.19373
-0.28267
0.38591
0.0703
-0.11687
-0.73891
-0.40602
0.13615
0.1445
0.32575
-0.54928
-0.60065
-0.17777
0.12332
0.38983
-0.11547
0.18784
0.41731
-0.34626
0.13381
-0.26385
0.43092
0.51146
0.51665
-0.08691
-0.15689
-0.17526
-0.25981
0.5742
-0.42953
0.39839
0.08257
0.21311
-0.17639
-0.11529
0.03208
-0.08609
-0.46567
-0.21031
-0.08171
0.22955
-0.19481
-0.21803
-0.02008
0.18043
-0.21852
-0.22384
-0.12885
0.18224
0.09705
0.12919
-0.35826
0.54294
0.1349
-0.18562
-0.28328
0.12478
-0.46881
0.38706
0.21851
0.24215
0.14874
-0.15981
0.43939
-0.28224
0.02734
-0.01348
0.41313
0.30684
-0.20449
0.00489
-0.10298
-0.37912
-0.22985
0.02304
-0.41563
-0.53236
0.36463
-0.23274
0.2716
0.17483
-0.41724
0.32935
-0.15013
0.14569
-0.08141
-0.4008
-0.00491
0.1985
0.22662
-0.39299
0.3147
-0.15414
0.54724
0.545
-0.25495
-0.48989
0.32205
-0.21547
-0.16655
0.2221
-0.46354
0.50238
-0.50646
-0.38693
0.45246
0.0958
-0.00401
-0.31232
0.0894
-0.40671
-0.49883
-0.44348
-0.54058
-0.29404
0.42672
0.32322
-0.48966
3.6E-4
0.4985
0.50166
-0.42357
-0.42454
0.31277
-0.47676
0.02291
-0.47803
-0.37678
-0.49231
-0.1804
-0.21821
0.0441
-0.16458
0.31059
0.50316
0.09528
-0.09016
0.41339
-0.28685
-0.18648
0.10142
0.10257
0.50622
0.21634
0.4477
-0.55217
0.48977
-0.48974
-0.1926
-0.39271
-0.09474
0.10499
-0.09496
0.50528
-0.19517
-0.39337
-0.0893
0.01014
-0.49003
-0.18918
-0.39224
-0.08033
0.28145
0.24394
-0.16417
-0.48856
-0.09635
-0.40366
0.51091
0.41258
0.41172
-0.08798
0.49902
-0.20017
0.30521
-0.48389
-0.55307
-0.35299
0.2886
0.10924
-0.29372
0.00632
0.3052
0.20545
-0.19374
0.50562
-0.29468
-0.39363
0.11041
0.51022
-0.48919
-0.38875
0.50836
0.12028
0.08189
-0.55533
0.1366
-0.28777
0.0055
-0.3006
-0.48668
0.41416
0.51386
-0.18662
0.30036
0.30087
0.00527
0.41651
-0.2523
0.44788
0.48969
-0.08836
-0.19142
0.20802
0.10746
0.0072
0.20651
-0.49351
-0.3933
0.10705
-0.08948
0.11052
-0.18882
0.21125
-0.19213
-0.28021
0.48147
-0.55607
-0.36411
-0.28768
0.1061
0.50001
-0.38588
0.41511
-0.28526
-0.08591
-0.19778
0.10255
-0.09365
0.11694
-0.35281
0.44739
0.18915
-0.19007
0.50663
-0.49338
0.20644
-0.19391
-0.19401
-0.39408
-0.19464
0.00578
0.11006
0.1101
0.31032
-0.18956
-0.19214
-0.18022
-0.41858
0.24391
0.53497
0.01141
-0.39406
-0.49997
0.51428
-0.28498
-0.38525
0.11433
-0.29777
0.40242
0.20635
0.01404
-0.42784
0.24727
-0.21138
0.20945
-0.09384
-0.49387
-0.49385
0.50616
0.20612
-0.19389
0.306
0.10607
0.10753
0.50926
0.41001
-0.08987
-0.19214
-0.18332
-0.11243
-0.13995
0.52449
-0.29067
-0.09388
0.20198
0.2126
-0.08669
-0.48708
0.51247
0.50336
-0.39647
0.20618
0.01018
-0.18143
-0.53706
0.4931
0.40889
-0.39353
0.50647
-0.39353
0.00647
-0.09353
0.00647
0.0063
0.00498
0.30193
0.30712
-0.19142
0.50871
-0.09351
-0.19331
0.50674
-0.2943
0.30444
0.40446
-0.19425
0.50726
-0.29343
0.20644
-0.29407
0.30556
0.00609
0.30623
0.20644
0.20651
0.20652
0.50654
-0.49353
0.40647
0.50647
-0.19353
0.30647
0.20647
0.50647
-0.49353
-0.09341
-0.19393
0.30439
-0.29552
-0.49538
0.2048
-0.19351
0.20669
-0.29324
0.10572
0.00444
0.40448
0.00574
-0.39277
0.10654
0.30641
-0.39408
0.30557
-0.3939
0.50623
0.00644
0.20651
0.10652
0.00647
-0.29353
-0.19353
0.10647
-0.29353
-0.49353
0.30647
-0.19353
0.30647
-0.49342
0.50624
0.10487
-0.49545
0.30461
0.30473
0.40649
0.00666
0.30671
0.20592
-0.29532
0.40464
-0.49437
0.10701
0.50633
0.30625
-0.09412
-0.19439
0.40614
-0.49377
-0.19356
0.40651
0.20652
0.20647
0.50647
-0.39353
-0.49353
0.20647
0.30647
-0.19353
-0.09353
-0.39353
-0.29344
0.40655
-0.49404
-0.29522
0.3048
-0.39507
0.40647
-0.49353
0.0065
-0.19323
0.30557
0.10532
-0.49473
0.30668
0.40606
-0.194
-0.29422
0.50566
0.10618
-0.39376
-0.39355
0.30651
0.20652
0.00647
-0.19353
0.00647
0.00647
0.40647
-0.29353
-0.09353
-0.39353
-0.49353
-0.19348
0.40666
0.20659
-0.49428
-0.39442
-0.39423
