-0.20001
0.19999
-0.20002
-0.20002
-0.11196
-0.33699
0.06295
-0.33705
-0.53705
0.47717
0.29221
-0.30796
-0.1082
-0.12348
-0.56956
-0.57056
-0.57198
-0.27185
-0.37209
-0.35897
-0.52318
0.08097
0.18597
-0.50727
-0.50722
0.36295
-0.43703
-0.43703
-1.0E-5
0.19999
0.09998
-0.40002
-0.31196
0.26246
0.4624
0.1624
-0.23773
0.36624
-0.12331
-0.52317
-0.04795
-0.16644
-0.46962
-0.47056
0.22741
-0.07244
0.42756
-0.0573
-0.42686
0.07343
0.47457
-0.3435
-0.04557
0.15426
-0.23703
0.46297
-0.30001
0.39999
-0.40038
0.49948
0.18752
-0.43758
0.36226
0.25384
-0.25235
-0.13931
0.17504
0.17487
-0.34749
0.23038
0.22929
0.02762
0.22739
0.0275
0.32754
0.34441
0.27278
-0.13971
0.1478
-0.25333
0.44631
-0.05329
0.16248
0.16297
-4.6E-4
0.29954
0.29945
-0.30059
0.3875
0.35886
-0.4464
-0.14908
0.34872
0.4649
-0.21767
-0.51298
-0.52909
-0.35618
-0.25937
0.33607
0.43755
-0.46097
-0.25604
0.34652
0.352
0.28549
0.44979
-0.15128
-0.15125
-0.05108
0.15869
-0.14052
-0.4
0.0
0.19972
-0.40033
0.18777
0.26363
0.35723
-0.14483
-0.44539
0.36978
0.38732
0.37112
-0.13969
0.25254
-0.30395
-0.52851
0.27218
0.49165
-0.14036
-0.54797
-0.0675
-0.1308
-0.44455
0.45254
-0.34749
-0.5473
0.05835
0.159
-0.1
0.3
-0.4
0.5
0.28804
-0.43607
-0.54244
0.25754
-0.04266
0.47284
-0.01165
-0.23867
-0.54686
-0.54696
0.09716
-0.20905
0.19165
-0.10839
0.25071
0.33266
0.22297
-0.33717
0.25559
-0.04732
-0.04736
0.05285
0.15761
-0.34187
-0.5
-0.5
0.1
-0.2
0.48804
0.0638
-0.44216
-0.4422
0.3578
0.47497
0.28981
-0.23797
0.05334
-0.04678
-0.00218
0.39148
-0.00835
0.49163
0.34935
-0.5778
-0.57946
-0.36154
0.25614
-0.14673
0.35282
0.25286
0.06151
-0.23736
0.1
-0.4
0.0
0.4
-0.51198
-0.13486
-0.0382
0.45972
0.25802
-0.1255
0.06777
-0.54723
0.45726
0.4746
-0.10105
0.49167
0.39164
0.07819
0.45746
0.03411
-0.56901
0.42699
0.44464
0.35765
-0.34706
-0.04713
-0.13372
-0.1332
-0.1
-0.3
-0.5
0.0
-0.012
0.36867
-0.33331
-0.13676
-0.33877
0.07374
-0.35618
0.14496
0.3627
-0.3042
-0.20471
-0.41341
0.37344
-0.54205
-0.13676
0.14137
-0.55655
-0.16027
0.36362
-0.2385
-0.14514
0.35548
-0.23373
0.1668
0.3
-0.5
0.2
0.1
0.188
-0.03139
-0.43329
-0.23325
0.46613
0.1757
-0.05476
0.24627
-0.23846
0.09095
-0.00978
-0.13286
0.05266
-0.24757
-0.14016
-0.05939
-0.15904
-0.15767
0.05837
0.16277
0.45917
-0.53712
-0.03362
-0.23321
-0.1
-0.3
0.29995
0.19993
0.188
0.16854
0.0667
0.26483
-0.1357
-0.23762
0.05161
0.25536
-0.43351
0.09011
-0.41088
-0.23539
-0.44844
0.05722
0.36868
0.26242
-0.34752
-0.05149
0.14778
0.43067
0.26648
-0.43355
0.06677
-0.03323
-0.2
-0.4
0.09995
0.09993
-0.01195
0.3655
-0.53607
-0.1547
0.21256
0.31759
-0.4665
-0.0294
-0.03073
0.26919
0.0379
-0.56819
-0.57006
0.25743
-0.13625
0.06137
0.46473
-0.46258
-0.35924
-0.57156
-0.2368
0.26675
-0.03323
0.06677
-0.50006
0.49994
-0.40006
-0.10007
0.48804
-0.13717
-0.13904
0.01877
0.38612
-0.41187
0.20365
-0.5519
0.0294
0.19919
0.29775
-0.40475
-0.60364
0.22395
0.13161
0.44007
0.1444
0.33837
0.44086
0.22159
-0.58615
-0.56004
0.16675
-0.13325
0.49994
-0.30006
-0.40001
0.09917
-0.11321
-0.04278
0.45174
0.07382
-0.4264
0.39089
-0.09481
0.01225
0.19465
-0.22215
-0.12328
-0.31848
-0.40066
-0.10084
0.20619
-0.19355
-0.58753
-0.54747
-0.35181
-0.57567
0.11474
0.15807
0.0581
0.2581
0.09994
-0.20006
0.49993
-0.50083
0.18673
0.2581
0.15154
-0.52782
-0.02731
-0.61719
-0.21729
0.37932
0.07871
-0.22141
-0.49249
-0.09962
-0.09926
-0.29969
0.00817
0.11037
0.01509
-0.14745
0.24605
0.32076
-0.28717
-0.24324
-0.54321
0.35679
-0.50006
-0.10006
-0.10007
-0.50083
0.18587
0.16055
0.45444
0.09518
0.1956
-0.20218
0.20017
0.19949
-4.2E-4
-0.20054
0.42897
-0.37844
-0.47802
-0.27467
-0.16809
0.03124
0.13515
0.45096
0.34949
-0.17377
-0.48758
-0.38699
-0.57276
0.15688
0.19994
-0.50006
-0.50007
0.4984
-0.11479
0.43987
-0.38025
0.21339
0.31372
-0.18309
0.04854
-0.17209
-0.46138
-0.24359
0.3558
0.15984
0.16568
0.26568
-0.22767
0.27191
0.37197
-0.50748
-0.13903
-0.57455
-0.4881
0.40969
-0.37298
-0.04379
0.09997
0.29997
-0.30129
-0.10243
-0.515
-0.15887
-0.08514
0.31283
-0.38867
-0.38998
0.24395
0.3763
0.07611
-0.31907
-0.42
-0.22595
-0.32437
-0.42398
-0.21299
-0.50812
-0.20815
0.29134
0.15685
-0.27998
0.21272
-0.48737
0.13053
-0.24207
-0.50041
0.49959
0.09855
-0.0017
0.08549
-0.35802
0.31113
-0.2907
-0.17463
-0.35679
0.43908
-0.53395
-0.23378
-0.13366
-0.03421
-0.44177
-0.44172
0.35887
-0.12795
0.17935
0.27964
0.17999
0.07902
-0.46445
0.20721
-0.59277
0.21868
-0.46973
0.19941
-0.10059
0.49848
0.1983
-0.23888
-0.56914
0.11414
-0.28916
-0.06865
0.05303
-0.54823
-0.53625
0.1635
-0.43709
-0.13741
0.45548
0.45551
-0.14405
0.4691
0.27693
0.17676
-0.02317
0.1779
-0.04338
0.10693
-0.19291
0.21629
-0.2837
0.39941
0.19941
-0.40152
0.39803
0.14829
-0.47896
-0.28144
0.11799
-0.15188
-0.02281
-0.2291
0.36712
0.16628
0.1651
-0.53524
0.46162
-0.13455
0.26553
-0.02475
-0.21998
-0.11995
0.28034
-0.01688
-0.23618
0.2124
0.31265
0.31844
0.31845
-0.20043
0.19957
0.39864
-0.00189
-0.02983
-0.0576
-0.16146
0.14155
0.07018
-0.02912
-0.53759
0.45678
-0.10455
-0.2378
-0.53806
0.06904
0.38441
0.28437
0.22057
-0.21378
0.28641
-0.31303
-0.41077
-0.44098
-0.55902
0.14097
-0.55903
0.04098
0.2
0.3
-5.9E-4
-0.40072
0.09901
-0.50098
0.39637
-0.30425
-0.0041
0.18404
-0.42082
-0.02082
0.12242
0.3845
-0.41559
0.08756
-0.00724
0.19294
0.30758
0.04012
-0.35983
-0.45216
0.49901
0.0995
0.39933
0.39925
-0.30079
-0.20078
-0.4
-0.2
-0.2
0.29999
0.29976
-0.30029
0.19707
-0.30359
0.49653
0.28517
-0.42017
0.07979
-0.37578
-0.11612
0.08383
-0.21522
0.08695
0.08699
0.19141
0.30278
0.2028
0.22
-0.50084
0.29989
-0.10014
-0.20015
-9.0E-5
0.09992
0.0
0.1
0.3
0.49999
-0.30024
-0.1003
0.39714
-0.10357
0.49642
-0.31494
0.07971
-0.32033
-0.5759
-0.51618
-0.01618
0.38485
-0.61306
-0.61302
-0.20829
0.30282
-0.09736
-0.0792
-0.50096
0.29959
-0.30025
0.09974
-1.5E-4
-0.20014
0.3
0.5
-0.50009
-1.7E-4
-0.10024
-3.0E-4
-0.20292
0.09643
-0.50358
0.48504
-0.52033
0.37966
-0.0759
-0.41618
0.08382
0.28483
0.38698
0.08698
-0.30862
-0.19718
0.00264
0.21986
-0.50096
-0.40041
0.49975
-0.20026
-0.50015
-0.50014
-0.2
-0.1
-0.2001
0.3998
0.49976
0.2997
-0.00298
0.49644
-0.40357
-0.31546
-0.22033
-0.32034
-0.07713
-0.1149
0.0851
-0.51172
-0.10666
0.19335
-0.1923
-0.26074
-0.06092
0.4467
0.09904
0.39959
-0.20025
0.49975
-0.10015
-0.30014
-0.1
-0.1
-0.4001
-0.3002
-0.20024
-0.1003
-0.10305
-0.40356
-0.40357
0.48404
-0.22034
0.07966
-0.18084
0.38718
-0.51282
0.194
-0.59631
0.4037
-0.56575
0.09867
0.39848
-0.40157
-0.40096
0.2996
0.49979
-0.30024
-0.40015
0.29986
