-0.26571
0.13437
0.03475
-0.06132
0.03695
-0.0866
-0.17944
-0.12181
0.37512
0.17477
-0.02086
-0.41007
0.58377
0.16744
0.38606
0.12528
0.17566
-0.24651
0.27125
0.36975
-0.03807
0.39402
-0.07949
-0.20242
0.35124
0.28027
0.57198
-0.43126
-0.41215
0.05957
0.31016
0.01716
0.53468
-0.06524
0.23477
-0.0619
0.4348
0.00535
-0.38786
0.37489
-0.3307
-0.04035
0.48338
-0.38609
0.10533
0.20067
0.27445
0.54848
-0.25397
-0.16247
-0.21389
-0.00989
-0.11776
0.38599
0.41859
0.33433
0.61969
0.02802
-0.0959
-0.42145
-0.36447
0.19814
-0.39653
-0.48399
0.13382
-0.26611
0.134
-0.16091
-0.06582
0.30471
0.20213
0.26491
0.4834
0.29994
0.40473
0.09867
0.49679
0.40711
-0.1322
0.43989
-0.3295
0.58772
0.39321
0.59656
-0.21023
-0.20934
0.62735
0.34573
-0.36834
-0.08334
0.09416
-0.01381
0.35604
-0.26215
-0.2802
0.21092
-0.06823
0.53185
0.03302
-0.46161
0.5278
-0.30016
-0.51531
0.24214
-0.22351
-0.29389
-0.39984
-0.35971
0.1182
-0.33898
-0.45328
0.19294
-0.18625
0.15328
-0.3643
0.52779
0.12313
0.01473
0.04806
-0.13001
-0.36877
-0.41831
-0.24336
-0.33305
0.16857
0.05994
-0.4081
0.07173
0.03023
0.23054
-0.36846
0.33699
-0.47391
0.39706
-0.3072
-0.34829
-0.24335
-0.1281
-0.22629
-0.27203
0.28718
-0.22227
-0.20614
-0.0052
0.36686
0.37069
0.04721
0.43807
-0.38229
0.08289
-0.29247
-0.19152
0.18642
-0.13584
-0.47258
0.53528
0.2691
0.16381
0.00677
-0.10047
-0.46927
0.1303
0.32984
-0.16535
0.3208
-0.30584
-0.29506
0.57341
0.25831
0.35461
-0.14316
0.52586
0.38926
-0.23483
0.27973
0.30587
-0.32402
0.06572
-0.04546
-0.44508
0.52747
-0.13346
0.37752
0.48328
0.45528
0.35137
-0.47551
0.32663
0.3654
-0.03763
0.53203
0.33192
0.42938
-0.37057
0.12836
0.23311
-0.08174
-0.50627
5.7E-4
0.35454
0.24719
-0.15141
-0.24941
0.40162
-0.01577
-0.51866
-0.31595
0.39776
-0.33475
0.35604
0.22723
0.13854
0.41978
-0.34629
0.16364
0.18176
0.12346
0.12813
-0.4853
-0.28401
-0.16787
0.45037
0.55994
0.06105
0.52909
0.42906
0.02721
0.23222
-0.28244
0.4899
-0.19269
0.575
-0.23889
0.24771
0.26038
0.37101
0.43615
-0.04016
0.37256
0.023
-0.13709
0.34077
0.00505
-0.29293
0.29391
-0.30736
-0.199
0.38544
0.18571
-0.39783
0.31017
0.1993
0.20777
-0.26147
-0.32323
0.27849
-0.07013
0.02988
0.42776
0.2324
-0.3819
0.38969
-0.38848
0.39124
0.18028
0.3671
-0.00812
-0.50727
0.05098
0.06206
-0.11142
0.05968
-0.21827
-0.33731
-0.2762
-0.38159
0.01281
0.14413
-0.26838
-0.32968
-0.14422
0.18447
0.3924
-0.11756
-0.38955
0.54047
-0.42709
-0.42752
0.12849
0.12847
0.32792
-0.06779
-0.28172
-0.01081
0.30295
0.57805
-0.41065
0.08775
0.10701
-0.35107
0.40837
-0.01053
0.2204
-0.32502
0.39385
0.19064
-0.15796
0.34189
0.54845
0.46971
-0.45927
0.08442
0.38603
0.39709
-0.52872
-0.42978
-0.18681
-0.36192
-0.43437
-0.43457
0.32821
-0.27181
-0.27213
-0.46748
-0.38159
0.28724
-0.40339
-0.02365
0.60697
-0.01285
0.48456
0.36552
0.33917
-0.38056
0.43473
-0.11991
0.00242
0.29119
0.24405
0.4606
0.56502
0.58138
-0.11939
0.46801
0.05444
-0.46142
0.28921
-0.19144
0.5256
0.13776
-0.25583
-0.45586
0.02645
0.13011
0.03271
0.33679
0.12535
-0.00289
0.40785
-0.13214
0.60064
0.36547
-0.09382
0.51276
0.4318
-0.33958
0.44109
-0.42727
0.1798
-0.1155
0.15025
0.3618
-0.33046
-0.03497
0.29277
0.41294
0.34704
-0.06291
0.19835
0.13819
0.17717
-0.21481
0.54673
-0.05453
0.41918
-0.36048
0.15043
0.05469
0.15244
0.03581
-0.45203
-0.24097
-0.04613
0.2091
-0.56958
-0.3781
-0.35109
0.31609
-0.51801
0.09119
0.51703
-0.15953
-0.39087
0.11638
0.11353
-0.50062
0.32349
0.27701
0.5361
0.4478
-0.29132
-0.09299
-0.462
0.50496
0.21128
0.00716
-0.17952
0.54081
-0.15125
-0.34721
0.07367
-0.44224
-0.06152
0.54466
-0.53028
0.05558
0.42941
0.12146
-0.15202
0.00633
-0.3253
0.4745
0.00748
0.51602
0.09461
-0.30086
0.29213
0.37978
0.18373
-0.42874
0.08689
-0.15944
0.29947
-0.49743
-0.05782
-0.28668
0.61424
-0.39332
-0.17892
-0.26037
-0.45213
0.35144
0.17874
0.35846
-0.05341
0.45066
-0.21572
0.06436
0.04185
0.35288
-0.03549
-0.42637
0.05518
0.47854
0.13078
0.32882
-0.5071
0.49481
0.19895
-0.10027
-0.51172
-0.14869
0.24388
0.11923
-0.36614
0.233
0.45584
-0.0723
0.62623
-0.38217
-0.46865
0.33155
-0.37231
-0.16999
0.25678
-0.36349
0.1273
-0.3767
-0.24848
0.24371
0.35424
-0.03224
-0.02341
-0.53212
-0.24275
-0.21671
-0.36725
0.32959
-0.27858
0.31276
0.50118
0.09746
0.49008
-0.34674
0.23849
0.3381
-0.21502
0.47353
0.37622
0.07397
0.38882
-0.3893
-0.16803
0.33256
0.22853
-0.36975
-0.44332
0.3413
-0.4866
-0.31948
-0.236
0.34656
-0.43512
-0.07715
0.13402
0.49579
-0.29466
0.03197
-0.34256
0.25425
0.55447
-0.44341
0.2473
-0.46272
0.22141
0.21092
-0.25595
-2.6E-4
-0.43385
-0.44274
0.27481
0.17288
-0.20779
-0.2856
0.03165
0.13234
-0.37821
0.22056
0.34252
-0.22361
0.04053
0.45158
0.24036
0.22848
0.34219
0.38708
-0.48835
0.02589
0.01335
-0.3976
0.0274
0.14257
0.14204
-0.36606
0.50718
-0.4015
0.45067
-0.26932
-0.1527
0.00838
0.13605
0.44325
-0.05476
0.1177
-0.55072
-0.24907
0.03192
0.53247
-0.07946
0.41624
-0.36159
-0.22686
-0.46284
0.1013
0.19986
-0.27482
0.47136
-0.43872
-0.23313
-0.04518
-0.25046
0.54298
-0.24568
0.48227
-0.11627
0.27805
0.07068
0.56532
0.39852
0.61582
0.12015
0.22204
0.4995
0.30579
-0.14193
0.16547
0.19049
0.17831
0.13008
0.43064
-0.27708
-0.07469
0.03251
0.21964
-0.27239
0.1343
0.32787
0.44054
0.18639
-0.30646
-0.31677
0.45428
-0.14814
0.05024
0.15138
0.35296
0.282
0.48577
-0.12313
-0.32769
-0.19438
0.41062
0.40744
-0.24435
0.32418
-0.4253
0.35698
0.34021
0.36983
0.07029
0.03078
0.33077
0.42911
0.13923
0.22942
-0.52615
0.07341
-0.14011
-0.44646
0.23562
0.29107
-0.28603
-0.28753
-0.42819
0.26411
-0.25397
0.45142
0.35099
-0.14592
-0.13361
0.33271
0.11587
-0.16199
0.45103
-0.35213
-0.15565
0.02075
-0.23279
-0.13177
-0.43971
-0.34103
-0.53969
-0.16973
0.23085
-0.06879
0.33029
-0.37018
-0.09396
-0.09806
-0.30452
-0.10754
-0.36344
-0.04769
0.56591
0.56917
0.25181
0.24761
0.53929
0.33419
-0.36818
0.13472
-0.06021
-0.27504
0.11984
-0.07438
0.12844
-0.37178
0.53611
0.5251
0.30842
0.00646
-0.49319
-0.50304
0.09669
-0.46857
0.33293
0.33137
-0.17593
-0.0715
-0.07622
0.02014
0.02647
0.22649
0.02513
0.22963
0.14057
0.04482
0.24118
0.34105
0.53929
0.4317
-0.06981
-0.16599
-0.46303
-0.16432
0.03546
-0.36713
0.23313
-0.46683
0.43584
0.13775
0.03231
0.11757
0.12056
0.02716
0.22873
0.0337
-0.16521
0.43296
-0.47457
0.02774
-0.17831
0.01808
-0.17253
0.22455
-0.07266
0.43278
-0.26473
0.44002
0.33342
-0.16853
0.53914
0.3338
-0.36689
0.13664
-0.06285
0.33804
0.24083
-0.46328
0.53103
0.32321
0.32666
-0.16709
0.53202
0.02415
0.12468
0.42929
0.43124
0.13324
0.1344
-0.16697
0.02574
0.32752
0.22203
-0.17885
-0.37322
-0.07598
-0.07132
-0.47205
0.22817
0.13408
0.33357
-0.46843
-0.25868
0.2351
0.03329
-0.36038
-0.46133
0.43625
0.13352
-0.26765
-0.47285
0.42235
0.12747
0.33082
-0.27119
-0.0723
-0.07157
0.02968
-0.27051
0.03356
-0.36523
-0.2663
0.42699
0.22884
-0.47737
0.12482
-0.37172
0.22452
-0.17594
-0.47504
0.12513
0.33046
0.03137
0.52944
0.22793
-0.27846
0.3215
0.22628
-0.27382
-0.17434
-0.47389
0.22615
0.22918
-0.1707
0.03017
0.432
0.22978
-0.17369
-0.3737
-0.37393
0.42667
-0.4663
0.1348
-0.16617
0.32775
-0.46946
0.42664
0.52993
0.43523
-0.17189
-0.17245
0.12864
-0.27177
-0.16657
0.43327
0.13184
0.53199
-0.17055
-0.47432
0.03096
0.33279
-0.26728
-0.46722
0.43304
-0.26631
0.03344
-0.36629
0.13427
-0.26679
0.02876
-0.17314
0.12715
-0.07257
-0.3664
-0.16588
-0.26577
0.32997
0.3298
0.5283
-0.26758
0.03628
-0.27036
0.0292
0.22943
0.12993
-0.36932
0.03071
-0.06687
-0.0666
0.43398
0.12926
0.23242
0.13379
0.13387
0.13366
0.43364
0.43364
0.33364
0.23366
0.53424
0.03417
0.23227
0.42892
-0.47099
-0.17067
-0.06636
-0.36632
0.23408
-0.06501
0.4316
0.33083
-0.26889
0.43353
0.43185
0.23131
-0.36779
-0.16757
0.53349
0.03353
0.03362
-0.06623
0.43372
-0.46612
-0.46639
0.53364
0.23387
0.13366
-0.16636
0.43364
0.43364
-0.36634
-0.26601
0.53346
0.43086
-0.06913
-0.46869
-0.06824
0.03364
-0.36632
-0.16593
0.13498
0.23163
-0.06914
0.03191
-0.46533
-0.06632
-0.06686
0.13357
-0.06633
0.23395
-0.46604
-0.06639
0.43377
0.13373
0.53361
0.33361
0.53364
-0.36613
0.13366
0.13364
0.43364
-0.46636
-0.26634
0.03398
0.13347
-0.26908
0.03091
-0.26877
0.13149
-0.36636
-0.26632
0.03407
0.53499
-0.36832
-0.26905
-0.16819
-0.06491
-0.36591
-0.16643
0.13366
0.5337
0.33398
-0.26604
-0.26639
0.03377
-0.06627
0.43361
0.43361
0.43364
0.43387
-0.36634
0.13364
0.13364
0.33364
-0.26635
0.13399
0.43354
-0.36874
0.03102
0.5312
0.1315
-0.06636
-0.16634
0.23404
-0.06496
0.43175
0.13097
-0.36819
-0.46483
-0.46586
0.0336
0.43373
0.4337
-0.26601
-0.46604
-0.26639
-0.26623
-0.26627
0.53358
-0.16639
-0.36636
0.0339
0.33363
-0.16636
-0.16636
0.23364
-0.36635
0.0339
0.23439
0.03483
-0.16816
0.2311
-0.06844
