0.21715
-0.18285
0.10357
-0.00143
-0.45954
0.57525
-0.00402
-0.12396
-0.33566
0.26735
0.07395
0.62935
0.32711
-0.39236
-0.18827
0.4007
-0.38627
0.24824
-0.54441
0.27659
-0.24394
0.24468
-0.30243
0.19991
0.30658
-0.34876
0.72522
0.62522
-0.38285
-0.48285
0.40415
0.49857
0.24063
-0.08753
0.31133
0.08422
-0.04876
0.3199
0.30061
0.42456
0.35218
-0.36972
0.12683
0.02121
0.33037
-0.26721
-0.26481
0.54594
0.23801
0.08984
-0.28288
-0.24305
-0.31038
0.02616
0.67079
0.17079
-0.08285
0.11715
0.10646
0.40182
-0.35591
0.21416
-0.2278
0.07169
-0.1155
0.54389
0.5536
0.68273
0.44472
0.12796
-0.12631
0.56047
0.03613
-0.06308
-0.36308
-0.46106
-0.36339
0.64856
0.70397
0.58538
-0.18209
-0.26444
-0.02704
-0.02686
-0.43576
-0.23576
0.18383
-0.30618
0.17148
-0.36127
-0.28313
0.0646
0.42905
0.30387
0.77641
0.00211
-0.08286
0.27895
-0.06457
-0.30917
0.25432
0.22083
0.4579
0.28032
-0.27733
0.10251
0.25124
0.27577
-0.14831
0.30245
0.45882
0.16481
-0.50089
0.09911
0.44999
0.1735
-0.2497
-0.40443
-0.76771
-0.24028
-0.59619
0.14989
-0.17452
0.09469
0.05334
-0.25697
0.06931
0.56418
0.10512
-0.31744
-0.29112
0.04481
0.02339
-0.31732
0.65128
0.43147
-0.27436
-0.1613
-0.44084
-0.47116
0.09917
0.39917
0.1631
-0.34379
-0.2657
0.06523
-0.56893
-0.22038
-0.53013
0.23391
-0.37547
0.24956
-0.07231
0.04733
0.16543
0.05473
0.17955
0.28937
-0.04642
-0.53015
0.51483
0.04607
0.1413
-0.07427
-0.04651
0.27478
0.06084
-0.43398
0.29917
-8.3E-4
0.05004
-0.3568
-0.14798
-0.1053
-0.40811
-0.60981
0.21091
0.11047
-0.15303
-0.14725
-0.44727
-0.11572
-0.58982
-0.11382
-0.40864
-0.19842
-0.58088
-0.14608
0.15258
-0.0075
0.35612
0.0268
0.0227
0.63744
-0.46984
0.13648
-0.40083
-0.30083
-0.14916
-0.55716
-0.34786
0.01486
-0.53094
0.24811
-0.34285
-0.16311
-0.15628
0.36607
-0.12376
0.34705
-0.46404
0.21736
-0.46792
-0.25893
-0.02227
0.08791
0.19658
-0.15851
0.74346
0.40883
0.28971
0.01107
0.27653
0.37644
0.19917
0.29917
-0.44878
-0.45721
0.17658
0.09706
-0.52314
-0.06387
-0.36672
0.13602
-0.00813
-0.20034
0.0143
0.16756
0.39818
0.35899
0.46425
0.33255
-0.47253
-0.29093
0.55768
-0.28834
0.50606
0.62149
0.11529
-0.15493
0.26765
-0.13235
0.09917
-0.50083
0.15122
-0.35726
-0.43865
-0.48918
-0.19838
-0.29742
-0.541
0.2163
-0.11877
0.47972
0.16869
-0.02799
-0.28921
0.48419
-0.47441
-0.32586
0.12419
0.15516
0.63847
-0.10609
-0.06645
-0.36094
0.22404
0.07217
0.26877
0.26785
0.19917
-0.10083
-0.54836
-0.55739
-0.24819
-0.42258
-0.41499
0.23546
-0.60597
0.24479
-0.28376
-0.15956
-0.29667
0.11712
0.1529
0.11667
0.06484
0.15367
-0.08092
0.28658
0.53845
0.58994
0.39221
-0.37849
0.0969
-0.46609
0.17632
-0.42387
-0.50086
0.39914
-0.34741
0.14435
0.05341
0.15378
0.04598
-0.65664
0.32048
0.19677
0.68926
0.4437
0.11444
-0.39638
0.18123
-0.04273
-0.24209
0.34526
0.18778
-0.66635
-0.15589
-0.02891
-0.44952
-0.45831
-0.27831
-0.56469
0.17666
-0.12334
-0.40095
-0.40095
-0.23471
0.36181
0.16324
0.16303
-0.14819
-0.5681
0.29835
-0.04639
-0.15969
0.34016
0.31412
-0.18918
0.35301
0.10001
0.03107
-0.4589
0.14606
0.3111
-0.2191
-0.47387
0.10716
0.10903
-0.08746
-0.34612
-0.31805
0.18195
-0.10095
-0.30095
0.46516
-0.27888
0.19917
0.28154
-0.72245
-0.5287
0.03124
-0.36569
-0.39471
-0.09521
-0.374
0.05674
0.17557
0.45948
-0.30498
-0.41897
0.32811
0.32733
0.26807
0.79112
0.58526
0.25927
0.10956
0.47281
-0.29577
0.00423
0.29905
-0.30095
-0.53484
-0.57826
-0.30362
-0.20765
0.08118
-0.74424
-0.61071
0.20983
0.47303
-0.50588
0.29398
-0.42336
-0.39933
0.36168
-0.19926
0.30316
0.02258
0.25473
-0.31818
0.06395
0.3127
0.59309
0.35699
-0.08456
0.32765
-0.07235
0.3989
-0.5011
0.36511
0.1218
0.36775
0.05664
-0.44069
-0.16774
-0.43771
0.38596
0.2964
-0.73146
-0.20611
-0.52496
-0.62827
-0.39488
0.33027
-0.43077
0.45072
0.38414
0.54987
0.0832
0.10321
0.295
-0.32441
0.18543
-0.00231
0.00715
-0.30126
0.39874
-0.23494
0.41966
0.2957
-0.44122
-0.45694
0.37457
-0.18168
-0.11697
-0.37619
-0.66382
-0.19674
-0.53773
-0.48289
0.55204
0.43769
-0.28168
-0.17625
-0.24379
-0.10423
0.14226
0.28416
-0.09795
0.11951
0.1385
-0.1017
-0.39327
0.53427
-0.16573
-0.3465
0.07063
-0.17832
0.14951
0.00219
-0.35464
-0.27978
0.09678
-0.49851
-0.58906
-0.55832
-0.2721
-0.333
-0.45795
0.14292
-0.11922
0.21349
-0.01051
0.65724
-0.06296
0.69572
-0.16151
-0.31904
-0.35837
-0.25605
0.25625
-0.09976
-0.09976
0.14857
0.47447
0.1501
0.24256
-0.23451
-0.07311
-0.18168
-0.59244
-0.81536
0.26684
0.03322
-0.10994
-0.25474
-0.60119
0.06992
0.19109
0.04779
-0.01652
0.03588
-0.3178
0.48789
0.26787
0.14356
0.10639
-0.09776
-0.38081
0.28321
-0.31679
-0.25087
0.38516
0.37551
-0.28142
-0.67879
-0.20954
-0.54952
-0.12392
-0.32207
-0.08324
0.27267
-0.00965
0.05156
-0.63054
-0.68192
0.02104
-0.58322
-0.49069
-0.43266
-0.5974
-0.00454
0.16698
0.43229
0.49071
-0.43029
-0.06824
0.06898
-0.43102
-0.46995
-0.13692
-0.58895
0.06511
-0.41015
-0.08334
-0.40049
-0.3601
-0.62592
-0.05373
-0.11293
-0.29557
0.36726
0.27062
0.16945
-0.21307
0.14209
-0.60213
-0.73658
0.25924
-0.10765
0.27486
0.46457
-0.32605
-0.2147
-0.31678
-0.14216
0.35784
-0.27754
-0.14273
0.5088
-0.17154
-0.58948
0.00879
-0.45502
-0.47329
0.36143
0.30792
0.43806
-0.02475
0.24301
-0.25194
-0.03338
-0.5343
-0.02983
0.38859
0.43864
-0.38728
-0.54363
-0.48156
-0.08319
0.27125
-0.12504
0.37282
0.49882
0.49882
-0.21733
-0.27721
0.40352
0.17973
0.27296
-0.26643
-0.36441
0.08397
-0.1001
0.34154
-0.14328
-0.40629
-0.3296
-0.33831
-0.3549
-0.3605
0.55926
0.55133
-0.18955
-0.21147
0.10322
0.40907
-0.09864
0.61228
-0.1336
0.35536
0.19886
0.39886
-0.20123
0.5523
0.025
-0.1015
-0.29974
-0.26964
-0.11612
-0.20765
0.00188
0.14707
-0.1226
-0.19855
-0.41409
-0.14779
0.10035
0.28636
-0.09803
-0.09467
0.34777
-0.24422
-0.14685
0.46238
-0.24035
-0.21716
-0.21721
-0.01931
-0.50114
0.19886
-0.31012
0.44201
0.52154
0.47271
0.26469
0.34471
0.42966
0.23706
-0.02376
-0.40661
-0.10487
0.09364
0.19361
-0.21048
0.34459
-0.07277
0.22426
-0.40267
-0.1094
0.29085
-0.30162
0.08169
0.38302
0.43056
-0.37036
0.42938
0.29886
-0.30114
-0.01076
0.04316
-0.05662
-0.32985
0.25852
0.34663
0.16156
-0.42029
-0.40663
-0.40347
0.19513
-0.10636
0.3568
-0.06728
-0.3746
-0.1746
-0.07689
0.29729
0.19045
-0.11444
0.48164
-0.21227
0.17235
-0.20576
0.22964
0.42938
-0.20118
0.39882
-0.11094
0.24348
0.53836
0.05936
0.32388
0.20883
-0.37019
0.57808
-0.19052
0.19943
0.29544
0.29131
-0.04586
-0.16917
0.42375
-0.47716
-0.28477
0.30538
-0.1186
-0.14401
-0.04676
-0.53192
0.24821
-0.26577
-0.26866
0.33108
-0.00126
-0.20126
0.08877
-0.15651
-0.37918
0.39307
-0.06949
-0.28254
0.36643
0.55896
-0.25832
-0.09416
-0.40114
-0.20984
0.05294
-0.47005
0.02491
-0.27745
-0.295
-0.37696
-0.03575
0.2807
-0.12336
0.39577
-0.29892
0.36702
0.23817
-0.16209
