-0.1
-0.1
-0.1
-0.1
0.323
0.204
1.572
1.072
1.272
1.722
1.299
0.823
0.823
1.707
2.662
3.11
3.456
3.756
3.456
3.55
2.692
2.172
1.787
1.471
0.964
1.572
0.696
0.996
0.4
-0.3
0.4
0.0
-0.077
0.504
0.872
1.672
1.672
1.808
1.881
2.332
3.135
3.031
3.606
3.11
3.056
3.856
3.656
3.233
2.331
2.517
3.222
3.063
2.13
1.938
0.596
0.196
-0.2
-0.3
-0.4
-0.2
0.223
0.304
1.172
1.379
2.167
2.874
2.907
2.557
2.939
3.31
3.232
2.999
3.256
2.956
3.856
3.856
2.683
3.207
2.949
2.211
2.247
2.451
1.096
1.096
0.5
-0.3
0.5
0.0
-0.077
0.554
1.994
1.551
1.953
2.147
1.22
1.265
2.212
1.654
2.545
1.874
1.675
1.777
1.989
2.055
1.957
1.416
2.118
1.904
2.094
1.913
1.148
1.026
0.4
0.5
-0.4
0.2
-0.077
-0.115
0.863
1.062
1.744
1.714
0.882
0.961
0.861
1.016
0.787
1.412
0.986
0.334
1.028
1.131
0.84
0.73
1.682
1.468
1.837
1.544
0.85
1.025
0.2
0.5
0.1
-0.5
-0.177
0.383
0.732
0.956
2.044
1.249
0.964
1.345
0.847
0.92
0.746
0.563
0.834
0.334
0.367
1.016
0.875
0.504
1.789
0.768
1.837
1.144
0.083
0.583
0.1
-0.1
0.4
-0.2
-0.077
0.608
0.983
1.195
1.207
1.237
0.876
0.188
0.527
1.013
-0.284
0.234
0.034
0.934
0.686
0.454
0.527
1.61
1.01
0.787
1.696
0.852
0.511
0.103
-0.4
-0.4
0.2
0.3
-0.477
0.078
1.237
1.972
1.407
1.231
1.132
0.699
0.36
0.788
0.516
0.712
0.412
1.04
1.196
1.58
1.895
2.261
1.913
1.024
1.429
0.503
0.228
0.428
0.1
0.0
0.2
-0.2
0.023
0.326
1.052
1.605
1.176
1.406
1.756
1.771
1.581
1.025
1.484
1.738
1.563
1.313
1.32
2.422
1.463
2.491
1.995
1.493
1.248
1.443
0.228
0.228
0.2
0.4
0.4
0.5
-0.177
0.227
0.752
1.052
0.881
1.558
2.497
1.791
1.615
1.442
1.958
1.697
1.549
1.449
1.389
2.36
2.057
1.535
1.611
1.173
1.658
0.5
0.853
-0.047
0.1
0.2
-0.4
0.2
-0.077
0.728
0.752
1.198
1.801
1.521
2.105
2.024
1.45
1.796
2.112
1.84
2.302
2.02
1.996
2.795
2.658
2.097
1.621
2.065
1.258
0.176
0.776
0.276
0.1
-0.2
-0.4
0.4
-0.477
0.028
1.246
1.346
1.559
1.557
1.126
1.281
1.989
1.552
0.841
1.529
1.9
1.763
1.75
2.009
1.612
1.859
1.922
1.979
1.81
1.352
0.276
0.676
0.2
0.1
-0.4
0.5
-0.177
-0.005
0.715
1.613
1.206
0.955
1.832
0.32
-0.014
0.9
1.218
1.013
1.425
1.639
1.321
1.2
1.702
1.333
1.377
1.874
1.743
1.719
0.652
1.652
0.4
0.1
0.5
0.071
-0.031
0.696
0.77
1.429
0.946
1.358
1.222
0.071
0.626
0.718
0.794
1.849
1.044
1.144
1.184
0.853
1.589
0.99
1.376
0.974
1.699
1.77
1.57
1.27
0.2
0.1
0.4
-0.32
-0.231
0.767
0.67
1.272
1.699
1.196
0.686
0.753
1.217
0.922
1.765
1.683
1.483
1.683
0.629
1.067
1.172
0.527
1.534
1.227
1.887
1.416
1.816
1.916
-0.1
0.5
0.5
0.08
0.269
0.966
0.67
1.668
1.301
1.621
1.366
1.13
1.319
1.623
0.967
1.885
1.62
1.192
1.508
1.169
0.474
0.527
1.57
1.017
2.542
2.309
1.761
1.409
-0.4
-0.4
0.1
0.276
0.269
1.029
1.337
1.441
1.851
2.134
1.067
0.924
1.067
1.566
1.323
1.967
1.049
1.749
0.865
1.126
0.52
1.057
1.686
2.158
1.906
1.973
2.443
2.209
0.2
-0.4
0.3
0.129
0.795
0.715
0.682
1.877
1.355
2.25
1.902
1.669
1.713
1.333
0.649
0.821
0.987
1.452
1.09
0.837
1.338
0.507
1.553
1.522
1.643
2.55
1.659
0.399
-0.4
0.0
0.5
0.184
0.091
1.368
1.564
1.593
2.093
2.153
1.957
2.95
2.066
2.04
2.768
3.346
3.179
3.047
2.334
1.358
1.544
2.082
2.482
2.051
2.201
1.207
1.408
1.118
-0.4
-0.4
0.5
0.284
0.629
1.394
1.158
2.288
2.052
2.62
3.233
3.139
2.94
2.84
2.84
3.273
2.553
2.553
2.518
1.864
2.576
2.376
1.747
1.908
1.467
1.937
0.554
0.932
-0.3
-0.3
-0.5
-0.007
1.189
1.172
1.105
1.142
1.316
1.805
2.781
2.404
2.536
3.135
3.239
2.237
2.865
2.665
2.069
2.244
1.917
1.274
1.705
1.44
1.345
1.155
0.363
0.963
0.1
-0.2
-0.2
-0.007
0.781
0.452
0.796
0.565
0.616
1.432
1.665
1.589
1.464
1.777
1.978
2.383
1.666
1.766
1.626
1.444
0.792
0.573
0.382
0.556
0.777
1.021
1.121
0.421
0.1
0.5
-0.5
-0.207
-0.076
0.424
-0.5
-0.4
-0.5
-0.2
-0.4
-0.2
0.0
0.4
0.5
0.4
-0.2
-0.2
0.4
0.1
0.1
-0.1
-0.1
-0.2
0.299
0.224
-0.176
0.524
-0.3
0.5
-0.4
-0.107
-0.276
-0.176
-0.2
-0.5
-0.5
-0.5
-0.3
-0.4
0.3
-0.1
0.4
-0.5
0.4
-0.5
0.2
-0.2
-0.5
0.1
0.5
0.3
0.399
-0.276
0.224
0.124
0.0
0.1
0.3
0.493
-0.076
-0.476
-0.4
0.0
0.3
0.3
-0.2
-0.4
-0.2
0.4
0.1
0.2
0.0
0.4
-0.5
-0.4
0.3
0.3
0.2
-0.1
-0.401
-0.376
-0.176
0.424
0.2
-0.2
-0.4
0.393
-0.476
-0.376
-0.3
-0.2
-0.5
0.1
-0.5
-0.2
-0.3
0.0
0.3
0.4
-0.4
-0.2
-0.5
0.4
0.2
0.5
-0.2
-0.3
-0.401
-0.476
-0.176
-0.076
0.1
-0.2
0.1
0.293
0.424
0.224
-0.3
-0.5
-0.3
-0.4
-0.5
0.2
0.2
0.1
0.4
-0.3
-0.3
0.4
-0.2
-0.2
-0.5
-0.3
0.1
-0.4
0.19
0.514
0.324
-0.476
-0.3
-0.2
-0.1
-0.207
-0.376
0.224
0.1
-0.5
-0.5
-0.5
-0.3
0.5
-0.3
-0.5
-0.2
0.1
0.5
0.5
-0.3
-0.4
-0.4
0.0
0.3
-0.4
0.2
0.254
-0.176
-0.376
