0.42565
0.12647
0.12765
0.33904
0.65965
0.27692
-0.04141
0.40059
0.50432
0.10287
0.62514
0.57307
-0.25585
0.16384
0.08426
0.05305
0.45978
0.22518
0.28673
0.19363
0.50871
1.05129
0.01202
0.42343
-0.3359
-0.38735
-0.12356
0.14285
0.47899
0.61501
0.48709
0.17406
0.62525
0.02608
0.12672
0.23795
0.55873
-0.32734
0.54954
-0.30854
0.56013
-0.1692
0.73009
0.63417
0.60227
0.42116
0.43724
0.69272
0.6253
0.73653
0.94379
1.13494
0.9497
0.74735
0.16775
0.58787
0.61561
0.54366
0.46252
0.24416
0.36288
-0.18455
-0.29385
0.48094
-0.17472
0.6261
-0.17333
-0.16242
0.25009
0.26132
0.00769
-0.3753
0.62251
-0.1853
0.84149
0.90484
0.66754
0.66044
0.3409
1.22994
0.57436
0.74734
0.83304
0.72864
0.24376
0.94559
0.73254
-0.2524
-0.10457
-0.26104
0.39845
0.3435
-0.31593
0.59136
0.36136
-0.11899
-0.07409
-0.07328
0.42558
0.33715
0.64016
0.25107
0.02055
0.62834
0.12256
0.82044
0.19627
0.50187
0.44872
-0.08348
-0.18182
0.45142
0.71192
0.10204
0.23916
0.71558
0.61389
0.41909
0.14221
0.09226
0.09927
-0.05417
0.70085
-0.02403
-0.05637
0.11407
0.36906
-0.18979
-0.17495
0.02589
0.42451
0.73713
-0.16726
0.4413
0.63131
0.15027
0.37576
-0.00842
0.3067
0.16356
0.08543
-0.02457
0.54751
0.61471
-0.42149
0.41177
0.5971
-0.14932
0.53991
0.26038
0.62962
0.55062
-0.28025
-0.11786
0.01369
0.61133
-0.12746
0.34865
0.38166
0.39452
0.42298
0.52399
0.42411
-0.06362
-0.16408
0.5504
0.17156
0.01749
0.18745
0.1541
-0.03025
-0.24143
-0.38859
0.93405
0.04871
0.32198
0.48833
-0.25439
0.42822
0.16187
0.26328
-0.01291
0.82075
0.28178
-0.47919
0.02033
0.20275
0.72428
-0.03204
0.15002
0.19722
0.19809
0.31889
0.71997
0.32098
-0.06519
0.03762
0.34868
0.36876
0.51844
0.18118
-0.35209
0.04214
0.08458
-0.2584
0.33666
0.97396
0.62742
0.43834
0.38935
0.09357
0.32411
0.71321
0.17614
0.88969
0.48316
0.12898
0.29058
-0.05853
0.79589
-0.00311
0.55147
0.63894
-0.26105
0.11743
0.41851
0.51994
0.03359
0.43604
-0.15294
-0.1314
0.71757
-0.32449
0.02986
-0.02587
0.17084
0.14404
0.51368
0.80196
0.45883
-0.10298
-0.10096
0.31999
-0.0919
0.28889
0.21595
0.56641
0.76202
1.0802
0.43464
-0.18312
-0.04718
0.01216
-0.13396
-0.02626
0.37312
0.21295
-0.28594
0.42119
0.73454
0.13654
-0.05183
-0.12298
-0.17063
0.47364
0.60533
-0.46964
0.14773
1.04887
0.95346
0.39525
-0.03034
0.48912
0.36953
0.32552
0.24227
0.36795
0.12969
0.13667
0.60917
1.09265
0.40314
-0.1979
-0.3564
-0.37517
-0.2947
0.47096
0.47025
-0.19137
-0.29026
0.32321
-0.06329
0.43951
0.05577
0.38159
0.32776
0.23704
-0.3416
-0.07589
0.68732
0.50331
0.92912
0.47635
0.1618
-0.11961
0.55821
0.24318
-0.26731
-0.09246
0.43415
0.48709
0.30251
0.99186
0.95077
0.28983
0.56628
-0.28421
-0.26538
0.64589
0.64505
0.30778
-0.29112
-0.17568
0.23738
0.04657
-0.03291
0.09392
0.13284
-0.2504
0.44607
0.28749
0.9529
1.19451
0.97589
0.87996
0.77028
0.78661
0.16881
-0.23009
0.30221
-0.08971
0.17261
0.1918
0.68019
0.85898
1.05588
0.68944
0.1273
0.0456
-0.38728
-0.19503
0.21039
0.213
-0.29776
0.31121
0.62567
-0.14867
0.57453
0.26332
0.38147
-0.44552
-0.15432
0.76591
1.00409
0.60823
0.18446
0.30199
0.3372
0.54061
0.34398
0.40774
0.84768
0.20818
0.77278
-0.15235
-0.10288
1.012
0.92983
0.49932
0.1999
-0.15123
0.09661
0.17346
0.29059
-0.06819
0.29021
0.5804
-0.20563
0.42815
0.65903
-0.44132
-0.28922
-0.35032
0.5539
0.81175
0.84772
0.30233
0.26344
0.37194
0.13492
0.29754
0.63719
0.01895
0.01299
0.14604
0.56511
0.68195
-0.02629
0.97434
0.21868
0.41329
0.65438
0.16047
0.05595
0.47916
-0.28699
0.03964
0.49798
0.5859
-0.10054
0.30097
0.23135
-0.17201
0.15027
-0.03105
0.18201
0.34032
0.06244
0.61924
0.96952
0.11264
0.71494
0.68048
0.42203
0.36018
1.13556
1.12219
1.0426
0.16704
0.94249
0.31289
0.15865
0.54967
1.11083
0.94827
-0.29477
0.17231
0.42678
0.4419
-0.09686
0.49061
0.40547
0.2078
0.6453
0.09627
0.28762
-0.15592
-0.0479
0.11003
0.11949
0.64144
0.25983
0.18598
0.453
0.61883
0.61215
0.74299
0.63628
0.82484
0.79685
-0.01653
0.86293
-0.07029
0.48837
0.58923
0.62624
0.21079
-0.13418
0.62292
-0.12346
0.52284
0.52358
0.33785
-0.04744
0.54618
-0.03201
-0.09956
-0.51231
0.78483
0.38365
0.58905
0.90808
0.02876
-0.0533
0.37333
0.2431
0.68744
0.78441
0.66891
0.90993
0.83775
0.5001
0.78275
0.44991
0.32534
0.79959
0.62942
1.04842
0.04259
0.92666
-0.20475
-0.46593
0.62712
-0.27221
-0.16284
0.54906
-0.06956
0.62224
0.61658
0.25349
-0.09278
-0.11001
0.49842
-0.34305
0.19376
0.36821
0.49384
-0.10419
0.01219
0.12377
-0.07689
0.08313
0.42018
-0.1467
0.02489
0.06205
0.64037
0.27274
0.29057
0.31741
0.34054
0.0285
0.26933
-0.12221
0.62537
0.42597
0.22459
0.63153
0.41567
-0.05346
0.45045
0.55944
0.65193
0.67415
-0.10467
-0.11732
-0.22572
0.51057
0.39797
0.44679
-0.0829
-0.13732
-0.34567
-0.09829
0.00935
0.79902
0.85419
0.61138
0.54007
0.91485
0.87051
0.36039
0.87062
0.04476
0.52077
-0.44666
-0.27535
-0.17687
0.42742
0.61369
-0.32146
-0.41714
0.83626
0.56226
0.24851
0.0927
-0.16705
-0.20322
0.76663
0.13017
0.42032
0.0377
0.6248
-0.02369
0.37129
0.64768
-0.14207
0.28423
0.07636
0.08844
0.35292
-0.06512
-0.03108
0.53375
0.43539
0.42966
0.47896
0.78676
0.42729
0.12358
-0.27259
0.67604
0.02497
0.91085
0.51847
0.28702
0.3947
0.54415
0.18405
0.749
0.27988
-0.04115
0.75605
0.26584
0.75291
0.23459
0.57851
-0.22815
0.68656
-0.21794
-0.13769
0.76456
0.25264
-0.02177
-0.35076
0.44944
0.39159
0.43232
-0.03569
0.76541
0.42994
0.72536
0.72849
-0.35216
0.03487
0.43074
0.00997
0.8902
0.15616
0.55748
-0.109
0.91119
-0.0641
-0.10487
0.88885
0.2648
0.36395
0.14631
0.70915
-0.06237
0.55053
0.34636
-0.1113
0.05396
0.31857
-0.09675
-4.0E-5
0.58905
0.14027
0.75282
0.06204
0.16125
0.0262
-0.17558
0.33006
0.50192
-0.08249
0.72603
0.11231
0.79366
0.76428
0.32902
-0.21183
0.7711
0.09324
0.28049
0.4767
0.15991
-0.03174
0.562
0.55003
0.26092
0.66317
0.71957
0.29487
-0.01971
-0.33413
-0.03449
0.38122
0.67964
0.79508
-0.10417
-0.10533
0.79654
-0.17461
-0.2766
0.52851
0.13646
0.21799
0.41937
-0.1738
0.71901
0.59566
0.19623
0.09833
-0.29851
-0.2797
-0.17998
-0.18275
0.21567
0.12865
0.4291
0.62275
0.51795
-0.28126
0.4176
0.61767
-0.28175
-0.08379
-0.08056
0.21649
0.71723
0.01616
-0.08172
0.01911
-0.27888
0.62452
0.12248
0.42787
0.03524
0.01825
0.31939
0.52783
0.12268
-0.30515
0.49804
-0.3
-0.10509
0.1131
0.41273
0.11078
0.51037
0.32376
0.02467
0.71797
-0.08626
-0.28528
0.61871
0.41922
0.51894
0.11743
0.51908
-0.08443
0.01806
-0.28159
0.01793
-0.08157
-0.081
0.1242
0.42225
-0.07266
0.63473
0.71846
-0.07898
0.43141
0.72787
0.59876
-0.09958
0.00408
0.60214
-0.17844
0.22183
0.61941
0.21691
0.63086
-0.16837
0.32533
0.02163
-0.17775
0.02491
0.72375
0.72521
0.52375
0.02456
-0.07968
-0.17898
0.22036
0.62082
0.32208
0.02138
0.62484
0.72279
0.42829
0.73559
-0.2824
0.42281
0.53323
0.0318
0.60385
0.1052
0.7067
0.30733
-0.07217
0.52732
0.12415
-0.27793
0.63492
0.03503
-0.17192
0.52462
-0.07451
0.2261
0.52581
0.52519
0.52425
-0.27534
0.52276
0.1243
0.62345
-0.07601
0.02313
0.52312
-0.17472
-0.27672
-0.27148
-0.06402
0.21828
0.32351
0.23334
-0.0658
-0.0949
0.40607
0.60735
0.609
0.7293
-0.07034
0.12715
-0.17418
0.43311
0.43738
0.72938
-0.27537
0.32536
-0.1745
0.42569
0.22581
0.02564
-0.07444
0.42479
0.02508
0.32376
-0.2762
0.42317
0.62313
0.02528
-0.17723
0.12818
0.73068
0.42141
0.12418
0.02895
0.42705
0.31066
0.01185
-0.28752
-0.18678
0.23097
0.331
0.02637
0.62557
0.02305
-0.16662
0.62713
0.52512
0.32562
0.62561
-0.27439
0.72561
0.22561
-0.07438
0.22526
0.32364
0.42269
-0.27727
-0.07671
0.62315
-0.27438
-0.17418
-0.17414
-0.17486
0.42322
0.72307
0.42425
0.52592
-0.17468
-0.07492
0.52552
0.22548
0.52565
-0.27433
0.72557
0.52569
-0.27437
-0.07453
0.52554
-0.27446
0.52562
0.12561
0.62561
0.12561
0.62561
0.62562
0.12583
0.72541
0.32235
0.52247
-0.17722
0.02247
0.02562
0.02582
-0.17415
-0.07487
0.0232
0.62302
0.62422
0.32584
0.42519
0.02495
0.6255
-0.07463
-0.07438
0.02565
-0.07444
0.42573
0.02573
0.22561
0.62561
0.42561
-0.07438
-0.07439
0.22561
-0.07439
-0.07439
-0.17438
-0.0742
0.02554
0.52298
0.42259
0.32263
0.42261
-0.07438
0.72583
0.22583
-0.07469
0.72338
-0.07678
-0.17581
0.52581
0.12521
0.32503
-0.07443
-0.17458
0.42567
0.02565
-0.17444
0.22573
0.72573
-0.07439
0.02561
-0.17439
-0.07438
0.42561
0.12561
0.12561
-0.07439
-0.27438
0.22577
0.72579
-0.07627
0.12285
0.32282
0.72279
-0.27439
0.52561
0.02557
0.026
0.52428
-0.17618
0.62402
0.32609
-0.07446
0.02542
0.72564
0.2256
0.42579
0.52562
-0.07447
0.72573
-0.27427
0.62561
0.02561
0.32561
-0.27438
0.12561
-0.17439
0.72561
-0.17439
-0.27439
0.22566
0.22581
-0.07392
0.42432
0.02351
0.52354
