-0.25921
-0.25921
0.44698
-0.35309
0.01554
-0.37044
0.27607
0.27756
-0.32245
0.173
0.07623
-0.02549
-0.52077
0.05389
0.39657
-0.37487
-0.62414
-0.21186
-0.30252
-0.26436
0.25031
0.2406
0.08014
-0.28376
-0.54918
-0.26725
0.25066
0.35066
-0.45921
0.14079
0.14698
0.04691
0.01599
-0.13742
-0.27006
-0.66616
-0.35455
-0.25013
-0.14535
-0.54298
-0.12054
0.26422
-0.32867
0.37604
-0.07448
0.23541
0.13838
-0.23006
0.1072
0.10781
0.29547
-0.58673
0.08885
0.32141
0.51905
-0.48095
-0.25921
0.34079
-0.16402
0.43135
0.30429
0.36976
0.24894
-0.06407
0.41272
0.45192
-0.38387
-0.0352
0.36073
-0.42366
0.41898
0.32086
-0.47172
0.03707
0.13906
-0.02838
-0.00359
-0.62387
0.36227
-0.40697
0.24836
0.15369
-0.27738
0.12262
0.50732
0.30732
-0.09285
0.50581
0.49855
-0.28633
-0.52248
-0.16116
-0.11817
0.05434
-0.37445
-0.06252
0.40494
-0.32242
-0.29442
0.13019
0.49646
-0.46751
-0.23804
-0.50773
0.31623
-0.46629
-0.46066
-0.147
0.09468
0.30286
-0.11231
-0.10739
-0.40047
-0.10047
-0.10659
-0.20713
0.50323
0.61178
0.23245
0.40071
0.49493
-0.31015
-0.37161
0.20048
0.39504
-0.13308
0.45054
0.6198
-0.15764
0.10466
0.12225
0.01519
-0.1701
-0.36314
-0.3852
-0.45637
-0.05024
-0.33238
-0.18616
0.65488
-0.50055
0.29945
0.4035
-0.29541
0.11218
0.59757
0.49717
0.54494
-0.17183
0.44969
0.44368
0.37259
-0.27841
-0.0222
-0.0428
0.61706
0.45425
0.58226
0.09023
0.38126
-0.07245
-0.52651
0.39111
0.42555
0.03341
0.34991
0.42925
0.42714
-0.20079
0.39921
-0.49646
0.40458
-0.18778
0.33995
-0.08766
0.39448
-0.0114
0.20318
-0.19099
-0.51221
-0.3658
-0.13599
0.23288
-0.30661
0.03504
0.38984
0.1311
-0.58454
-0.67892
0.10264
0.15457
-0.54251
0.2645
0.00489
0.33722
0.62919
0.39902
0.09902
0.00349
-0.09542
-0.10036
0.1757
-0.31595
-0.49202
-0.06339
-0.58015
0.32582
-0.13547
-0.41689
0.43743
0.31027
0.28964
0.41381
-0.122
-0.06787
0.00135
-0.02195
0.01254
0.34853
-0.41926
-0.10045
-0.15868
-0.3374
0.262
-9.8E-4
-0.30098
0.30342
0.10457
0.38751
-0.3866
-0.69
0.05809
-0.20114
-0.22205
0.32019
0.06329
0.38047
-0.15111
0.22637
0.55515
0.4689
0.12002
-0.49021
-0.15053
-0.57813
-0.57664
-0.38157
-0.48065
-0.4614
-0.28415
-0.24341
0.05659
0.29902
0.49902
0.20342
-0.49543
0.38685
0.1083
-0.10278
-0.49302
0.049
-0.32599
-0.62714
0.22118
-0.20741
0.22924
0.11226
-0.34162
0.36608
-0.57801
-0.11335
-0.0352
-0.02385
-0.33135
-0.20258
-0.30722
0.25703
0.19138
-0.39779
-0.38762
-0.30098
-0.10098
0.4919
-0.20881
-0.11392
-0.592
-0.1021
-0.25405
-0.46383
-0.77471
0.12717
-0.09193
-0.08241
0.13884
-0.03584
0.34306
-0.54354
-0.3753
-0.22371
-0.17039
-0.70685
-0.68306
-0.19022
-0.64876
0.08714
0.03823
0.34499
0.04516
-0.20097
-0.30097
0.19177
0.29119
0.19729
-0.19004
0.21998
-0.21103
0.38481
-0.20495
-0.26543
-0.53477
0.2665
-0.25301
0.13186
-0.19795
0.21975
0.21394
0.27668
-0.04416
-0.53818
-0.28771
-0.12689
0.04456
0.3274
0.04175
-0.05512
-0.35512
-0.01425
0.38575
-0.50916
-0.30788
-0.00419
0.46373
0.40637
-0.37851
0.40106
-0.13095
-0.4804
-0.48057
0.46657
-0.06287
0.18073
0.40393
0.15749
0.1394
0.29732
0.05612
0.23067
-0.13682
0.06336
-0.55701
-0.00254
0.05409
-0.45451
-0.05451
0.28575
-0.01425
-0.0965
0.43483
-0.34014
0.48784
0.67824
-0.23961
-0.17353
-0.17167
-0.04341
0.1278
-0.46527
-0.64389
0.41584
0.13416
-0.2025
0.33395
0.39436
0.2782
0.34124
-0.60346
0.06409
-0.03141
0.21716
0.1787
0.46973
-0.53027
-0.21425
-0.11425
-0.40987
0.31863
0.14451
-0.13172
0.2661
0.29111
0.26861
-0.10856
0.14284
0.08635
-0.10849
0.19383
0.19015
0.54231
0.24268
-0.2445
-0.22927
-0.27746
0.02439
-0.34637
-0.09357
-0.07556
-0.44474
-0.08568
-0.28483
-0.48483
0.38596
-0.11404
-0.50972
-0.1813
0.53634
0.35146
0.36282
0.66516
-0.1601
0.13009
-0.20572
-0.50478
-0.32701
0.11093
0.22389
-0.2573
-0.25468
-0.40166
-0.13048
0.03855
0.23622
-0.27258
-0.15362
0.14848
0.4134
-0.23596
0.12005
-0.45829
-0.51337
-0.11337
-0.40947
-0.07989
0.34755
-0.25449
0.36566
0.36778
-0.19893
0.04856
0.12124
0.27268
0.12517
0.17511
-0.24591
0.44486
0.27871
-0.11511
0.45058
-0.20339
-0.15998
-0.00837
-0.7215
-0.62922
-0.62025
0.05594
0.17639
-0.10228
-0.30709
-0.50709
0.28133
0.49742
0.12941
-0.13883
-0.02266
-0.33769
0.24342
0.2309
-0.02273
-0.54417
0.11165
0.16251
0.50397
0.17772
0.4172
0.47972
0.52511
0.25142
0.2813
-0.01816
0.37624
0.33093
0.28412
-0.11682
0.51749
0.03845
-0.01275
-0.51275
-0.11754
0.4801
-0.50496
-0.1031
0.05391
0.34285
0.05859
-0.21255
0.1129
0.18966
0.22434
0.44493
-0.36311
0.71868
-0.30197
0.03204
0.17511
0.05221
-0.60352
0.0017
0.2211
-0.61052
0.06598
-0.27991
-0.36289
-0.60983
-0.21824
-0.11824
-0.31922
0.38122
-0.13269
0.01154
-0.02944
-0.37395
-0.24948
0.3628
0.01857
-0.02465
-0.45598
0.56697
-0.28037
-0.12187
-0.12757
0.22261
-0.12926
0.45487
0.13834
0.23947
0.52112
0.30543
-0.205
-0.29485
0.12521
0.0247
-0.11823
-0.01823
0.28107
0.38149
-0.11941
-0.47597
-0.03325
0.10739
-0.21758
-0.65383
0.01704
0.27045
0.34536
-0.39611
0.24228
0.27177
0.28988
0.25798
0.12758
0.37082
0.22593
-0.1885
-0.41997
-0.04561
0.39166
0.03588
-0.57031
-0.15651
0.3869
0.0869
0.2861
-0.01694
0.13708
-0.61301
-0.57832
-0.36805
-0.17973
-0.01697
-0.16518
0.49612
0.20484
-0.44093
0.08978
0.04873
0.14953
0.0334
-0.29549
-0.03177
-0.38154
0.07677
0.23917
0.17258
-0.44364
-0.55746
-0.45199
-0.23977
0.1
0.4
0.2986
0.09866
0.27071
0.06294
-0.03424
-0.53142
0.0806
0.01783
-0.48014
0.5285
0.19497
0.40078
0.31419
-0.06339
0.30455
-0.09942
0.0885
-0.36388
-0.20696
-0.44017
0.06963
-0.22712
-0.21841
-0.11771
0.19092
-0.19736
-0.4
0.1
-0.40151
-0.1017
-0.22963
0.46345
0.06981
-0.11079
-0.29522
-0.48416
-0.38706
-0.28208
0.28444
-0.54137
-0.43062
-0.21264
0.0859
-0.31837
-0.41972
0.47742
0.14988
0.13484
0.08868
-0.50351
-0.29413
-0.39396
0.1101
-0.27654
0.5
-0.3
-0.50181
0.49796
-0.32913
-0.43941
0.27831
-0.48262
0.34112
0.53721
-0.06533
-0.16019
0.507
0.48233
0.08234
-0.41666
-0.21702
-0.22276
0.47953
-0.21468
0.48361
-0.2126
0.43216
0.32207
-0.1782
0.22628
-0.37414
0.32586
0.1
0.1
-0.50873
0.16832
-0.4363
-0.33989
0.0739
-0.4839
0.03976
0.24035
-0.06057
-0.25999
0.0062
0.28268
-0.5176
0.27665
-0.02204
-0.02204
0.48057
0.18749
-0.41687
-0.11381
0.43349
-0.27653
-0.07868
0.32395
-0.07414
-0.47414
0.0
0.0
0.39068
0.36195
-0.1379
-0.33945
-0.42485
-0.38197
-0.25963
-0.3602
0.23959
-0.46059
0.00441
-0.51692
0.4828
-0.42142
-0.5183
0.08156
0.19119
0.11237
0.2057
0.00217
0.53339
0.12296
-0.4794
0.32668
0.22585
-0.07415
-0.5
-0.5
-0.2088
0.46229
-0.23751
-0.43844
0.47784
-0.0803
-0.25858
-0.2611
-0.36173
0.53869
-0.09874
-0.0162
-0.41647
-0.21871
0.18817
0.28833
-0.39124
-0.34904
-0.45643
0.03521
0.33283
0.41989
-0.4802
0.52661
-0.07422
0.32578
