0.5
-0.3
0.2
0.4
0.0
0.34513
0.34512
0.34512
-0.05488
-0.25488
0.44512
0.34477
-0.25547
-0.5555
-0.1426
0.1574
0.15758
-0.442
-0.442
0.28328
0.24512
-0.55488
0.44512
-0.15488
0.14512
0.44512
-0.55488
0.44512
0.3
0.5
-0.5
-0.2
0.5
-0.15487
-0.35488
-0.55488
-0.15488
0.04512
0.24479
-0.55541
0.29748
-0.1365
0.2574
-0.0426
-0.54239
-0.042
-0.542
0.18763
-0.55488
0.14512
-0.25488
-0.25488
-0.25488
-0.35488
0.04512
-0.05488
-0.4
0.2
0.1
-0.5
0.5
0.04513
-0.35488
0.34511
-0.3549
0.04512
0.0446
-0.0555
0.20095
0.2574
-0.3426
-0.0426
-0.34236
-0.542
0.358
-0.10888
-0.05488
-0.25488
0.14512
0.24512
-0.55488
-0.55488
-0.15488
0.14512
0.1
0.1
-0.4
-0.5
0.4
-0.02908
0.07092
-0.3291
-0.32911
-0.32911
0.17038
0.2714
-0.26637
-0.58772
-0.40966
-0.04259
-0.04232
-0.042
-0.08712
0.12074
0.30463
-0.32853
-0.52908
-0.22909
-0.32909
-0.42909
-0.42909
0.07091
0.2
0.3
-0.2
-0.2
-0.2
-0.20002
-3.0E-5
-0.50003
-0.20003
0.39997
-5.5E-4
-0.05375
0.12796
0.41228
0.29938
-0.29207
-0.39377
0.24468
-0.47579
-0.2871
0.4129
0.4
-1.0E-5
-1.0E-5
-0.50001
0.49999
-0.4
-0.4
-0.2
-0.4
-0.1
0.1
0.5
0.09998
-0.20003
-0.50003
0.29997
-0.20029
0.39944
0.42723
-0.28752
-0.08755
-0.4004
0.34456
-0.15549
0.2446
0.22857
-0.3871
-0.1871
0.09999
-1.0E-5
-0.50001
0.09999
-0.20001
-0.3
-0.4
-0.4
-0.1
0.2
-0.2
-0.5
-0.40002
0.39997
0.39997
-3.0E-5
0.19939
-0.40059
-0.37082
0.4129
0.11287
-0.40003
-0.15536
0.44451
0.0446
0.1277
-0.3871
0.31289
-0.34792
-1.0E-5
-1.0E-5
0.2
-0.2
0.3
-0.5
-0.4
0.1
-0.1
0.5
0.5
0.5
0.0
0.5
0.0
-0.3006
-0.0424
0.3222
-0.37142
0.35206
0.19997
-0.55536
0.24451
0.24461
-0.04269
0.03641
-0.28711
0.21289
-0.34269
-0.40001
0.0
-0.4
-0.2
0.2
0.1
-0.5
0.0
0.1
0.3
0.1
0.1
-0.5
-0.3
0.4994
-0.58769
0.01257
0.246
-0.50003
-0.20003
-0.45538
0.24451
0.44453
-0.50039
0.06168
0.01289
-0.58711
0.06167
0.49999
0.3
0.3
-0.3
-0.4
0.1
0.2
0.4
-0.2
0.1
0.4
0.4
-0.2
-0.3
-0.2006
-0.48761
-0.38738
-0.45662
0.49997
0.49997
0.24469
-0.35544
0.2445
-6.1E-4
0.2582
-0.48711
0.31289
0.04773
-0.2
0.1
-0.3
0.5
0.4
-0.4
0.5
0.0
-0.5
-0.1
-0.4
0.1
0.0997
-0.20059
0.26457
-0.28709
0.12858
-0.34878
0.19997
-0.40003
-0.4549
-0.15519
0.44449
-0.20062
-0.23919
-0.16795
-0.08711
0.2129
0.12858
0.4
-0.3
-0.3
0.0
0.3
-0.1
-0.4
-0.1
0.1
-0.30012
-0.20013
-0.21069
0.23237
0.40189
-0.09751
-0.41042
-0.41042
0.48955
-0.21045
0.13468
-0.06562
0.43407
-0.41104
-0.21041
0.1897
0.11289
0.3129
0.42684
-0.3
0.0
0.3
-0.1
0.0
-0.4
-0.1
-0.1
0.4
-0.20024
-2.6E-4
0.47804
0.32108
-0.6094
0.2912
-0.52171
-0.02171
-0.45832
-0.06006
0.08506
-0.01527
0.18446
-0.45891
-0.32199
0.47845
-0.0871
0.3129
0.4129
0.2129
0.26429
-0.3
-0.2
0.3
0.0
0.3
0.5
0.2
-0.40024
0.19974
-0.20881
0.1906
-0.1094
0.2912
-0.50881
-0.20881
-0.10884
-0.10884
0.33628
-0.46407
0.23568
0.09057
-0.00941
0.29108
0.31291
-0.3871
-0.5871
-0.5871
0.0
-0.5
0.1
0.1
0.2
-0.2
-0.2
0.0
0.29976
-0.40068
-0.0094
-0.00936
-0.10881
0.19119
-0.40881
-0.50881
0.19115
0.29115
-0.56372
-0.16372
0.13628
-0.30944
-0.0094
0.39136
-0.2871
-0.2871
-0.1871
0.2129
0.3
0.0
0.1
0.3
0.4
0.3
0.1
-0.5
0.39989
-0.20054
0.40276
-0.1972
0.20335
-0.49665
-0.39667
-0.39667
-0.59671
-0.19671
0.04842
-0.55158
0.04842
-0.5973
-0.19726
-0.39701
0.01259
-0.08711
-0.38712
0.31288
-0.48189
-0.45838
-2.0E-5
-0.3
-0.2
-0.4
-0.4
-0.2
-0.44442
0.32552
0.11231
-0.28767
-0.1099
-0.34698
0.31361
-0.389
-0.08904
0.01096
-0.42412
0.003
-0.49699
0.35754
0.25758
-0.04242
-0.20046
-0.06185
-0.38712
-0.58712
-0.48712
-0.25751
-0.20002
0.1
0.5
-0.5
-0.5
-0.5
0.05587
-0.08769
0.41231
-0.28769
-0.10928
0.04808
-0.05216
-0.45217
-0.3522
0.4478
0.09818
0.10428
-0.39559
0.26923
0.29939
-0.30061
0.29957
-0.56098
0.01288
-0.58712
-0.08712
0.34598
0.39998
0.2
0.5
-0.3
0.1
-0.2
-0.4389
-0.38769
-0.18769
-0.15285
-0.33472
-0.45191
-0.25217
0.04783
0.3478
0.1478
-0.20707
0.29293
0.39314
-0.23677
-0.20061
-0.10061
0.19958
0.09999
-0.44096
-0.58712
-0.58712
0.42333
-0.56099
-0.5
0.3
-0.2
0.5
-0.24791
0.13149
-0.28769
0.11231
0.45934
0.16528
-0.55191
-0.15217
0.34783
0.0478
-0.0522
-0.40706
-0.20706
-0.50686
0.26272
-0.20061
-0.20061
-0.10048
-0.50027
-0.10001
0.31288
0.21288
-0.38712
-0.38712
0.0
0.4
-0.1
-0.5
-0.47316
-0.48766
0.11231
-0.18769
-0.34675
0.46378
0.44807
-0.25215
-0.05215
0.44782
0.04782
0.005
-0.18075
0.01929
-0.1217
-0.20059
0.29941
-0.30059
-0.30057
0.40002
0.3129
0.4129
-0.5871
-0.1871
-0.2
-0.3
0.1
0.19973
-0.05459
0.3367
-0.46373
0.43634
-0.14234
-0.54198
0.14577
-0.35434
-0.31658
-0.45005
-0.25005
-0.46984
-0.33574
0.06426
-0.16544
-5.8E-4
-0.20059
-5.9E-4
-0.30056
-0.23482
-0.06271
0.23729
0.23729
0.13729
-0.4
0.1
0.2
0.1
-0.30059
-0.10059
-0.30101
0.29903
0.09947
-0.11238
0.38279
-0.21721
0.22519
-0.51324
-0.61324
0.18967
0.19358
0.29358
-0.29189
-0.15928
0.44072
0.34841
-0.40056
0.10002
-0.5
-0.4
0.3
-0.4
0.1
-0.3
-0.1
-0.1
0.29941
0.2994
0.19902
-0.30093
-5.5E-4
0.2881
0.48277
-0.51722
0.42699
0.28655
0.18655
0.08674
-0.21292
0.08708
0.39158
0.40332
-0.59679
-0.57951
0.39941
-0.1
0.49998
-0.20002
0.4
-0.1
-0.5
-0.2
-0.4
0.4
-0.30059
0.09939
0.29956
0.39944
-0.50056
-0.01191
-0.01724
-0.01724
0.12697
-0.21345
0.18655
-0.01325
-0.41292
0.38708
-0.10809
0.20376
0.30335
-0.37858
-0.20062
0.09938
0.09999
-0.20002
-0.2
-0.3
0.2
-0.3
0.09972
-5.1E-4
-0.30059
-0.20061
0.29929
0.29944
-0.20056
0.48809
0.08276
-0.31724
-0.17303
-0.31345
-0.01345
-0.51326
-0.11292
-0.01292
0.19158
-0.39624
-0.29666
0.02048
0.19938
0.49938
0.09999
-0.30002
0.2
0.0
0.0
-0.2
-0.30034
-0.20059
0.19941
0.39939
0.29927
-0.50056
0.19944
-0.51241
-0.51724
-0.31724
-0.47485
-0.51325
-0.61325
-0.01033
-0.40658
0.39342
-0.49207
0.14033
-0.06011
0.34742
0.09938
0.29938
-0.40001
-0.30003
0.0
0.4
0.5
-0.2
-3.2E-4
-0.40059
-0.30059
0.19939
-0.20079
0.09944
0.09944
-0.41291
-0.41724
0.38276
-0.27949
0.28708
0.38708
-0.60591
-0.29624
-0.09624
-0.16545
0.49997
0.39951
-0.50063
0.19938
0.09938
-0.30001
-0.30003
-0.1
0.4
