0.29543
0.09543
-0.18609
0.32147
0.03219
-0.22884
-0.01227
-0.01144
-0.11095
0.42581
-0.30032
-0.58359
-0.32954
-0.41121
0.0885
-0.14168
-0.38581
0.26523
0.70321
-0.17178
0.5544
0.12605
0.25703
0.38584
-0.1882
-0.13409
-0.17925
0.22075
-0.40457
-0.30457
-0.28696
0.32147
0.41513
-0.58412
-0.14552
-0.23227
-0.04729
0.18108
0.14282
-0.30735
-0.28094
0.42797
-0.08105
0.42616
-0.43059
-0.1199
0.01882
-0.51045
-0.49445
-0.55439
-0.23152
-0.31626
-0.4363
0.47498
-0.2537
-0.5537
-0.50457
-0.50457
0.35816
0.44512
-0.32616
0.23606
0.05664
0.04049
0.32764
0.07794
-0.35155
-0.46657
-0.35019
0.7145
-0.38384
0.05821
-0.43923
-0.24999
-0.0503
-0.58318
-0.39104
-0.54106
-0.20124
0.35001
-0.46505
-0.21648
0.04202
0.14241
-0.39928
0.40072
0.22694
-0.36145
0.48129
-0.23742
0.17868
-0.08515
0.55839
0.30496
0.34332
0.75678
0.69979
0.35383
-0.2171
0.46239
-0.35668
-0.09912
0.08152
-0.36183
0.08815
0.15452
-0.41702
-0.33063
0.31159
-0.20456
-0.40957
-0.30939
-0.03203
0.06797
0.36542
-0.40771
0.27339
0.14801
0.31719
0.24691
0.12223
0.04273
0.35496
0.65449
0.66233
0.41146
-0.47849
0.25168
-0.37951
-0.1774
0.13607
-0.07392
-0.48504
0.01172
-0.61363
0.30057
0.0224
-0.50445
0.40293
0.10157
-0.23236
-0.03236
-0.48339
-0.17084
-0.49215
-0.22579
-0.04391
0.14415
0.2514
0.61701
-0.1965
-0.29122
0.37006
0.1425
-0.46701
0.0676
0.48843
-0.06271
-0.15747
-0.04714
0.29248
0.19164
-0.39123
0.63765
-0.31921
-0.3398
0.02511
-0.37636
-0.03265
-0.33265
-0.18345
-0.3703
0.41572
0.24637
0.60331
0.49486
0.22047
0.02649
0.4941
-0.16641
-0.07148
0.05823
0.13288
0.50686
0.22675
0.62602
0.38029
0.02142
-0.26472
-0.33521
-0.701
0.40461
0.35764
0.46044
0.33482
0.43451
-0.5329
-0.0329
-0.18354
0.52968
0.21266
0.33607
-0.24159
-0.47592
0.37352
0.44922
-0.07136
-0.33771
-0.49067
-0.15457
-0.34879
0.41451
-0.23594
-0.13411
0.72474
-0.00337
-0.33828
-0.49119
-0.5554
0.19516
-0.22442
-0.51312
-0.26985
-0.06943
-0.2329
0.4671
-0.18387
0.52968
-0.15192
-0.17066
0.25797
0.05891
-0.08746
-0.24023
0.591
0.14491
-0.00744
-0.44698
0.31606
0.57194
0.61194
-0.23912
-0.10794
0.22357
0.18975
-0.17446
-0.34673
-0.22634
-0.2579
-0.11801
0.39442
0.08914
0.3671
0.2671
-0.28387
0.02968
0.04296
-0.09084
-0.46344
0.28626
0.081
-0.21444
0.69495
0.4756
0.62456
0.17679
0.34707
0.79357
0.75539
0.32937
-0.23119
-0.32829
0.07522
-0.08982
-0.08232
-0.22842
-0.0554
-0.2185
-0.43244
0.36617
-0.5329
0.1671
-0.39431
0.31754
0.34146
-0.53397
0.3784
0.13772
-0.45625
-0.47731
0.45795
0.24106
0.30084
-0.31843
0.38301
-0.19805
0.256
0.72019
0.44233
-0.52542
-0.5305
0.3198
-0.47141
-0.08162
0.1839
0.41759
-0.42191
-0.12214
-0.12819
-0.52819
0.20567
0.41492
0.04955
-0.45686
0.18298
-0.3129
0.41115
0.10821
0.61106
-0.06582
0.01978
0.52935
0.83442
0.75515
0.05841
0.53345
-0.239
-0.51403
-0.65532
-0.76636
0.1589
-0.3936
-0.18121
-0.56711
-0.52167
-0.12167
-0.00581
-0.40581
0.09533
0.49117
-0.02016
-0.33617
0.03067
-0.50538
-0.34462
0.33757
-0.33142
0.49183
0.35422
-0.01453
-0.34421
-0.45858
-0.27602
0.30351
-0.42031
-0.53878
-0.1211
-0.64958
0.0639
-0.4265
0.52819
0.49656
0.1296
0.43
-0.40581
-0.40581
0.03357
-0.54365
-0.11158
0.22502
-0.35293
0.03888
0.59402
-0.36178
0.29682
-0.39462
-0.52292
0.16619
0.5332
0.19236
-0.32615
0.30601
0.33795
-0.56428
0.15772
-0.02934
0.18825
0.35683
0.25739
0.5717
0.14185
0.24185
0.49419
-0.50581
-0.17856
-0.15621
0.36244
-0.58965
0.44609
0.24987
0.69856
0.22728
0.66608
0.05548
0.31438
-0.23217
-0.1615
-0.58131
0.36678
0.22156
-0.3515
0.04932
-0.21504
0.23929
-0.27493
-0.19881
0.70662
-0.38542
0.61414
0.51414
0.29505
-0.20495
0.42207
0.24409
-0.67865
-0.38284
0.33424
-0.34826
0.108
0.5339
-0.09953
-0.54009
-0.42779
0.19671
-0.45838
-0.4791
0.03133
-0.69796
0.1299
0.345
0.26344
0.04374
-0.31486
0.57375
0.7734
0.41172
-0.14056
0.12999
-0.10347
-0.40347
0.32288
0.23758
-0.41053
0.1491
0.23069
-0.26431
-0.09949
0.22611
-0.3128
-0.2457
0.01021
-0.10455
-0.07196
-0.17734
-0.00172
-0.25277
0.31515
-0.27751
0.12088
0.07229
0.3709
-0.11095
0.33262
0.72123
0.01021
0.15825
-0.43866
-0.03866
0.08015
-0.51003
-0.41878
-0.12271
0.09845
0.24973
0.29045
-0.40757
0.25641
0.29411
-0.2692
-0.88678
-0.44084
-0.00733
0.00407
-0.49221
0.17444
0.17291
0.29329
0.00848
0.53244
0.35588
0.81536
0.8035
0.8311
0.57646
-0.28503
0.21497
0.25947
-0.09752
-0.55035
-0.1904
0.08936
0.47539
0.41228
0.29937
0.21814
-0.36254
0.19771
0.20616
-0.03248
-0.68025
-0.07757
-2.9E-4
0.07755
-0.32202
0.03915
0.12723
0.37467
0.45597
0.97023
0.41212
-0.13323
0.46359
-0.11177
0.28823
-0.14437
-0.38521
0.09333
0.52511
0.67866
0.34212
-0.18665
-0.33935
-0.29063
-0.56278
-0.59501
0.21301
-0.0546
-0.21694
0.32922
-0.48933
0.41932
0.03791
0.04808
-0.47572
-0.03363
0.42414
0.43296
0.60223
0.6485
-0.18778
-0.13483
-0.23483
-0.24715
-0.09856
-0.50435
0.18469
0.19207
0.34146
0.29882
-0.02331
-0.16345
-0.62112
-0.28853
-0.31242
0.03671
-0.17059
-0.56691
0.19628
0.23567
0.07838
-0.36116
-0.63404
-0.12869
0.84758
-0.0968
-0.01616
0.1691
0.16553
0.24444
-0.25556
-0.0613
-0.28835
-0.48716
0.44077
-0.18391
0.49604
0.33703
-0.14463
-0.5449
-0.09138
-0.24203
-0.77057
-0.73209
0.1349
-0.20184
-0.04941
-0.01797
0.1368
0.16848
-0.36538
-0.51217
0.64186
-0.03767
-0.01201
0.0664
0.24749
0.10866
0.20866
0.30495
0.38786
-0.02904
0.45999
-0.22493
0.06453
-0.3003
-0.37414
0.03524
-0.50273
-0.03657
-0.35987
0.16912
0.24017
-0.36768
0.3224
-0.4401
-0.4305
0.49174
-0.17336
0.37215
-0.24672
-0.15329
0.76701
-0.07995
-0.00189
0.40866
-0.39134
-0.09134
0.04704
0.22117
-0.06496
0.47422
-0.1537
-4.0E-5
0.12752
-0.00553
-0.41162
0.35943
0.10234
-0.35192
-0.2817
0.52477
-0.18657
-0.23582
-0.01488
0.50567
0.59063
-0.23518
-0.13185
-0.05699
0.31634
0.45188
0.54713
-0.39134
0.50866
-0.39288
-0.05436
-0.18052
0.29094
0.18922
0.33584
0.08176
-0.29672
-0.13367
-0.43352
0.29927
-0.17704
-0.17704
0.44293
0.47547
0.47517
-0.19357
-0.30343
0.34666
-0.15753
-0.16601
-0.27072
0.59533
0.18064
-0.20585
0.19257
0.40866
-0.19134
-0.18416
0.16322
0.52021
0.45078
0.39758
-0.25946
-0.31421
-0.12124
-0.03352
0.06655
0.29927
0.42296
-0.07705
0.23933
-0.43256
0.46744
0.01127
-0.3656
0.23931
0.52693
0.41971
0.11503
-0.20468
0.12257
-0.10585
-0.40743
-0.39134
-0.19134
0.31731
0.16658
0.11806
0.42679
-0.63625
0.09025
0.40476
-0.18764
-0.58816
-0.17399
0.47533
-0.3661
-0.16376
0.07149
-0.07163
-0.37415
0.64014
0.43492
-0.32028
0.32784
0.03171
0.22238
-0.06529
0.34654
0.29588
-0.3057
0.00866
0.00866
0.31776
-0.23365
0.3152
-0.23826
0.30258
0.21314
0.26566
-0.22824
0.08142
-0.0596
-0.17755
0.23766
0.54217
-0.28502
0.63104
0.03183
0.01164
-0.02135
0.18308
-0.04447
-0.33864
-0.2847
-0.3701
0.0519
-0.29716
0.50126
