-0.30379
0.09621
0.49623
0.29623
0.39265
-0.52031
0.37449
0.17449
-0.32551
-0.22151
-0.42135
0.27365
-0.12643
0.46869
-0.2316
-0.53248
0.36738
-0.32879
-0.22462
-0.22344
-0.32177
0.37965
-0.219
-0.11746
-0.01944
-0.42927
0.47099
-0.32901
-0.10379
-0.10379
-0.30377
0.49623
-0.1076
-0.42087
0.47328
0.46721
-0.53246
0.1692
-0.02918
0.26837
0.06828
-0.03224
-0.33225
0.36752
-0.23257
-0.23105
-0.12947
-0.52981
-0.22971
-0.524
0.07442
0.1685
0.36845
0.2677
-0.22901
0.37099
0.49621
-0.30379
0.19585
-0.50428
-0.50789
0.1791
0.07304
0.46252
-0.23895
0.06397
0.1679
-0.43224
-0.13227
0.46756
-0.33261
0.0674
-0.23257
0.46751
-0.03249
0.26754
-0.03248
-0.42853
0.06481
0.26354
-0.13501
0.46556
-0.02897
0.07099
-0.00425
-0.40425
-0.30431
0.39565
-0.2089
0.4716
-0.13101
-0.23207
-0.03331
-0.22959
-0.12505
0.27617
0.17699
0.47708
0.17676
-0.02329
-0.32328
-0.12287
0.47769
0.07752
-0.21843
-0.02054
-0.43815
0.16375
0.364
0.16444
0.26943
-0.23054
-0.00435
0.39565
-0.10435
0.39565
0.19117
0.47689
0.27553
0.2754
0.37487
0.37914
-0.01396
-0.5074
0.1921
0.19283
0.09304
-0.20763
-0.00696
-0.2091
-0.00982
-0.41036
-0.02341
-0.23132
-0.53768
-0.0351
-0.33492
-0.43455
-0.22502
-0.01971
-0.40435
0.49565
-0.20487
-0.30489
-0.51215
0.37776
-0.22312
-0.42329
-0.02276
0.38379
-0.41047
0.19893
-0.00108
-0.50054
-0.50023
-0.40151
-0.20142
0.0948
0.49133
-0.51543
-0.42709
0.26316
-0.2397
0.16187
0.26529
0.46551
-0.22007
-0.01996
-0.10435
0.39565
-0.10546
0.28947
0.18332
0.47667
0.37668
-0.32351
0.07846
-0.00994
-0.00523
-0.10096
0.29929
-3.4E-4
-0.49998
0.39859
-0.40142
-0.40142
-0.51015
-0.12622
-0.23233
0.06238
0.0592
-0.34176
-0.03444
0.37177
0.28183
-0.11806
-0.40435
0.49565
-0.40544
0.39001
0.18332
-0.32301
-0.42249
-0.22313
-0.12201
0.39155
0.396
-0.30221
-0.30176
-0.30011
2.0E-5
-0.10187
-0.40188
-0.50967
0.38406
0.36778
-0.53214
0.16433
-0.3375
0.26016
-0.02621
-0.42227
-0.31677
-0.11681
-0.00435
0.19565
0.49458
-0.40991
0.18325
-0.12212
-0.32092
-0.01708
-0.41394
-0.40834
-0.00415
-0.10366
0.0968
-0.30173
0.09831
-0.10378
-0.10772
0.08397
-0.52122
-0.12921
-0.52475
-0.5312
-0.33173
0.26166
0.27037
-0.32025
0.08323
-0.11681
0.09565
0.29565
-0.10542
0.49017
-0.11687
-0.22246
0.27898
0.48773
-0.41239
-0.10751
-0.5035
-0.40383
0.39633
-0.40363
-0.1036
0.29019
-0.41403
-0.51784
-0.52371
0.3714
0.17817
0.37014
-0.42866
-0.13419
-0.02735
0.18243
0.28289
-0.41706
0.39565
0.39565
-0.2054
-0.2096
0.08313
0.47745
0.37878
-0.31254
0.48729
-0.50649
0.29815
-0.10379
0.09603
-0.20388
-0.20385
0.48576
0.08197
-0.32857
0.47478
0.28094
0.38172
-0.22496
0.17876
-0.12465
-0.52113
0.08254
-0.01747
-0.01747
0.39572
0.39572
0.29462
-0.4096
-0.11687
0.27588
-0.42276
-0.02383
-0.52501
0.48203
0.18672
0.48515
0.08496
-0.11738
-0.32649
0.47181
-0.0283
0.4683
-0.12958
0.27011
-0.52764
-0.22522
0.27617
0.07403
-0.42376
0.18228
0.38253
-0.01747
-0.30376
-0.20376
-0.30523
0.49051
0.38297
0.47426
0.37564
-0.03695
-0.43794
-0.23197
0.37272
0.27389
-0.13122
0.36181
-0.0383
0.35051
-0.24891
-0.34062
-0.3394
0.45878
-0.33417
0.38546
-0.51689
-0.52443
0.27501
0.27951
-0.1177
-0.11769
0.29624
-0.20376
0.295
0.09077
-0.01665
0.27336
-0.3262
-0.0375
0.16228
0.26857
0.47281
0.27676
0.17159
-0.33596
-0.53617
-0.44622
-0.43987
-0.53922
-0.23789
0.16197
-0.4314
-0.01115
0.28561
0.27746
-0.22392
0.37953
-0.52047
-0.02047
0.49624
-0.20376
0.095
-0.40922
-0.11665
-0.1265
0.07354
-0.0376
-0.03764
0.26661
-0.43337
-0.53573
0.26352
-0.14809
0.06052
-0.33728
0.46275
-0.53983
-0.43464
0.07386
0.27572
-0.21209
0.38417
-0.4232
-0.32433
-0.02086
0.27916
0.27916
0.29624
-0.30376
0.295
0.29078
-0.41665
0.47521
-0.2243
0.17514
-0.22503
-0.42844
-0.32907
-0.33876
-0.34038
-0.45189
0.4566
-0.24283
0.35708
0.05642
-0.33864
-0.23006
-0.42804
0.37277
-0.03018
0.16141
-0.54062
0.36276
-0.43669
-0.33668
-0.20376
-0.50376
-0.205
-0.20929
-0.0166
0.17717
-0.02193
0.4854
-0.31506
0.0702
0.36386
-0.14705
0.15337
0.24788
-0.35263
-0.44769
0.46106
0.36107
0.06518
0.2742
0.47502
0.16855
-0.43577
0.15564
-0.54601
-0.34247
-0.54193
0.25808
0.49624
-0.40376
-0.50491
-0.10915
-0.41655
0.27788
-0.22052
0.0863
0.08549
0.06848
0.06168
0.05073
0.04613
-0.25063
0.04916
0.34681
-0.34973
0.16066
-0.13528
0.27437
-0.12571
0.16761
0.06303
-0.34534
-0.54551
0.45826
-0.23979
0.46022
-0.30376
-0.00376
0.49487
0.19043
-0.4171
-0.32391
-0.02432
-0.01738
-0.41822
-0.03341
-0.43961
-0.25038
0.04432
0.34262
-0.05745
-0.05934
-0.35728
-0.04715
-0.44076
0.17276
-0.32743
0.36484
0.26148
-0.54639
0.45414
0.15835
-0.23808
-0.43674
-0.00376
-0.50376
-0.00521
0.29024
0.28272
-0.52301
0.47592
-0.02035
0.48203
-0.33582
0.35773
0.35166
-0.55116
-0.15362
0.3468
-0.54766
0.25725
-0.54276
0.26356
-0.12318
0.17354
-0.03062
-0.43389
-0.24183
-0.53995
-0.1353
0.2687
-0.33123
0.09624
0.29624
-0.00483
-0.00959
-0.11699
-0.12291
0.47693
-0.32334
-0.1186
-0.22819
0.46361
-0.13329
0.0665
-0.43695
-0.13644
-0.4226
-0.51793
-0.31788
0.18537
0.08739
0.38648
-0.01329
-0.31613
0.07635
-0.12177
0.28327
0.08557
-0.01443
0.49624
-0.10376
0.49514
0.09026
0.18696
0.37997
-0.11714
0.28453
0.09201
-0.02348
-0.42886
-0.53039
-0.26503
-0.18809
-0.48793
0.42778
0.14207
-0.05768
0.26013
-0.41017
0.38828
0.48855
0.48595
0.38106
-0.11736
-0.51246
-0.21187
-0.21187
0.09624
-0.20376
0.49573
-0.40438
-0.00841
-0.41193
-0.21001
-0.30816
-0.20627
0.18984
-0.51201
-0.2089
0.26018
0.23869
-0.26139
0.43951
-0.35936
0.13824
-0.25405
0.36138
-0.03958
-0.23589
0.1887
-0.00899
-0.4056
-0.30545
0.19543
-0.20457
0.49624
0.29624
-0.10376
-0.00385
0.39499
0.08875
-0.11004
-0.20747
-0.30574
-0.11323
0.28564
0.38627
-0.14368
-0.06486
-0.26486
0.33376
0.33561
-0.16712
-0.26598
-0.25925
-0.0596
0.14936
-0.21063
0.19432
0.09474
0.19486
-0.20403
-0.40403
-0.10376
0.39624
-0.40376
0.09615
0.19493
-0.2114
-0.30996
0.3919
-0.30608
0.48646
-0.11705
-0.41919
0.15135
0.43038
-0.16962
-0.07135
0.1269
-0.37089
-0.46732
-0.25953
-0.0596
-0.15017
0.18899
0.29422
-0.5055
0.19482
0.49599
-0.30401
-0.10376
-0.30376
0.29619
-0.30396
0.39585
0.19686
-0.09814
-0.00575
0.19399
0.08482
-0.31919
-0.41958
0.25135
-0.36962
0.33051
0.43136
-0.17089
0.22911
-0.56754
-0.25953
-0.1596
-0.14297
0.49553
0.19484
-0.10398
-0.30401
-0.30401
-0.00401
0.49624
0.09624
-0.20383
-0.30363
-0.50271
0.1979
-0.39786
-0.00303
-0.20309
-0.01219
0.18216
-0.31966
-0.05036
0.42904
0.12921
0.23259
-0.56673
-0.36535
0.4443
-0.23793
-0.33808
0.27158
-0.30407
-0.40467
0.19605
0.396
-0.50401
0.09599
0.09624
-0.20376
-0.00382
-0.30304
-3.7E-4
-0.30037
-0.39719
-0.49648
-0.0965
0.09314
0.4854
-0.41962
0.04605
-0.37314
-0.27297
0.03372
-0.35992
-0.05646
-0.03571
-0.3006
-0.40011
0.29988
0.19721
-0.20388
-0.40378
-0.10387
0.29599
0.19599
