0.52647
0.52647
0.22618
0.32618
-0.15612
-0.01767
0.11615
0.48444
0.06835
0.23685
0.30657
-0.19519
0.41106
-0.05499
0.05357
-0.06392
0.04609
0.39731
0.30375
0.22023
-0.05152
0.09865
-0.24395
-0.06774
-0.47879
0.29732
-0.10404
-0.20404
0.52647
0.52647
-0.27382
0.22618
0.44548
-0.42262
0.40891
-0.12022
-0.07518
-0.35816
0.23365
-0.27012
0.33325
0.12501
0.0363
0.05297
-0.54273
0.34914
0.25459
0.37432
0.28762
0.06799
0.34388
-0.33646
-0.16125
-0.06802
0.19652
-0.40348
-0.27353
-0.17353
0.04147
0.04785
0.14971
-0.03128
0.11742
-0.05435
-0.29984
0.52736
0.48252
-0.16703
0.2398
-0.24003
0.42107
-0.20941
0.35755
0.16929
-0.53043
0.277
-0.48129
-0.59268
-0.09615
0.52863
-0.07749
-0.17991
-0.10353
0.09647
0.04536
-0.15464
0.12486
0.11427
0.24431
-0.13034
0.16834
-0.29839
0.49256
-0.22494
-0.20631
0.5189
0.48622
-0.28198
-0.54219
-0.32957
-0.48106
-0.53517
0.49976
0.09147
0.26192
-0.53665
0.12025
0.34998
0.43157
-0.25656
-0.4101
-0.1091
0.02412
-0.17588
0.215
0.10438
0.15951
0.01505
-0.42375
0.59201
0.19679
0.39244
0.33445
0.17879
-0.49883
-0.06875
0.27282
0.04616
0.19363
0.40894
0.5179
0.27142
0.37107
0.50126
-0.06258
-0.26941
0.05096
0.47141
0.28029
0.47769
0.22403
-0.27597
0.20855
0.19997
0.55332
0.52465
-0.06047
0.43349
-0.12741
0.20236
-0.28057
-0.55265
-0.5113
-0.494
-0.4152
-0.41761
-0.07937
0.11475
-0.07558
-0.50265
0.2984
0.15147
0.08948
0.34705
0.67969
-0.0927
0.57696
-0.02287
0.22403
0.32403
-0.27165
0.42619
-0.13072
0.3263
-0.36934
0.33586
0.35657
-0.51708
0.10795
-0.27423
-0.01449
0.0403
-0.54406
-0.19427
-0.05824
-0.29436
-0.27114
-0.19064
0.51604
0.15933
0.5252
0.57658
0.37507
0.60376
0.57459
0.27464
0.42403
-0.47597
0.12835
-0.07359
-0.25482
0.10319
0.31947
-0.30787
-0.14242
0.09883
0.32383
0.31206
0.35862
0.30917
-0.18334
0.54931
-0.15463
0.55205
-0.13441
-0.15016
-0.38692
-0.36524
-0.39574
-0.33
-0.33897
-0.31219
0.17644
0.07667
0.22403
-0.47597
0.32835
0.02647
-0.29246
-0.09504
0.05391
0.42975
-0.51781
-0.481
-0.44183
0.04123
-0.25309
0.36687
-0.06038
0.27118
-0.22188
0.49151
-0.27883
0.41237
0.51368
-0.48657
0.07748
0.25615
0.53921
-0.04046
-0.02072
-0.22083
0.32403
0.32403
-0.17165
-0.47351
0.50846
0.61762
-0.10637
0.47681
0.08571
-0.08789
0.20043
0.40268
0.0806
0.00152
0.46582
-0.25733
-0.12996
0.25429
0.40184
0.27406
-0.34151
-0.26408
0.37801
0.43121
0.40585
0.12429
-0.12123
0.57877
0.12403
0.52403
-0.31755
-0.42676
-0.19331
0.4302
0.49448
0.01467
-0.01349
-0.45151
-0.1961
0.45459
-0.45766
0.54614
0.37368
-0.17951
0.42401
-0.12221
0.51018
-0.13479
-0.13282
0.43008
0.23229
-0.0216
0.26068
0.48047
-0.12083
0.47879
-0.07597
0.52403
-0.31809
0.47324
0.13568
-0.36365
-0.01113
0.40532
0.23054
-0.40318
0.1111
-0.04446
0.50735
-0.07969
-0.09315
0.37078
-0.30392
-0.15779
-0.35539
-0.41014
0.0635
-0.35183
0.55918
0.10358
0.62708
0.63204
-0.02034
0.47966
-0.52934
0.07066
-0.52182
0.177
0.05815
0.59207
-0.06657
0.29769
0.02867
-0.2081
-0.21344
-0.45204
-0.46866
-0.34396
0.50317
0.70117
0.39253
-0.39796
0.60303
0.17725
-0.36809
-0.50951
-0.08607
-0.42642
0.33013
0.55863
0.21296
0.3097
0.07066
-0.52934
-0.07335
-0.5061
-0.28853
0.1747
-0.07332
0.09924
-0.36433
-0.03945
0.08667
0.07017
-0.3861
-0.41275
-0.38734
-0.33723
0.33064
-0.44026
-0.46192
0.39809
-0.60025
-0.52196
-0.15136
-0.47005
-0.05412
0.08354
0.6653
0.1653
-0.32934
-0.22934
-0.02672
-0.15965
0.25839
0.21794
0.05358
-0.23632
0.0545
-0.48423
-0.47482
0.13614
-0.25199
-3.0E-4
0.29285
-0.18559
-0.50704
0.27868
-0.08185
0.0365
0.19338
-0.06632
-0.67437
0.24659
0.24443
0.2827
-0.11857
-0.21857
-0.02909
0.47091
0.07336
-0.55958
0.06026
-0.30071
0.4725
-0.61393
-0.59573
-0.41512
-0.11789
-0.47852
0.32342
-0.2983
-0.43444
-0.41168
-0.35577
0.09578
-0.41924
-0.65908
-0.27152
0.0611
-0.7638
-0.65491
-0.2113
0.12239
-0.1325
-0.01935
-0.52879
0.27121
-0.42654
0.435
0.33527
-0.04158
0.08042
-0.54531
-0.52877
-0.28809
0.17718
0.53059
0.08222
0.5695
0.46249
0.21413
0.43746
-0.17423
-0.20208
-0.34108
-0.65028
-0.59446
-0.65855
-0.39568
0.36377
-0.29449
-0.27748
-0.16591
-0.5036
0.3964
0.00512
-0.14687
-0.3454
-0.00905
-0.31733
-0.06461
0.0332
-0.38591
-0.21157
0.20457
-0.40967
0.42836
0.14265
-0.30951
0.34347
0.10206
-0.32066
0.33346
-0.67394
0.02702
0.32799
-0.49355
0.33958
0.35021
0.3258
-0.2642
0.14244
-0.25756
0.04376
0.29054
-0.01678
-0.14771
0.00603
0.41895
0.51891
0.06832
-0.12095
0.47127
0.46891
0.25661
0.35761
0.10461
0.07887
-0.26637
0.03373
-0.53298
-0.07129
-0.00907
0.19828
-0.35276
-0.43117
-0.51075
-0.14175
0.08504
0.25007
-0.04993
-0.3536
-0.30738
-0.42877
-0.45366
0.53048
0.1293
0.54645
-0.13846
0.06364
0.37
-0.43121
-0.03306
0.56095
0.20278
0.59841
0.35663
-0.15208
-0.00508
-0.34466
0.41146
0.091
-0.33737
-0.02496
0.09154
0.35987
-0.12468
0.35007
-0.04993
0.24635
0.49297
-0.53487
0.34366
0.52029
0.11353
-0.3835
-0.33157
-0.21178
-0.09117
-0.39004
0.50705
0.4
0.01779
-0.30594
-0.34544
0.35506
0.12113
-0.21607
-0.27605
-0.03039
-0.4332
0.39896
0.00393
-0.00635
-0.20576
0.54284
-0.45716
-0.36095
0.47625
-0.1825
-0.02358
0.26264
0.19178
0.41458
0.37743
0.08064
0.12474
0.29677
0.42605
-0.2702
0.44088
0.69764
0.1249
0.35392
0.28801
-0.04041
0.32486
0.09678
-0.21728
-0.12979
0.1595
-0.3366
-0.43599
0.39505
0.49505
-0.19438
0.17722
-0.61896
0.27251
-0.50362
0.03628
0.27785
-0.31884
0.08545
0.56206
-0.17135
-0.05124
0.35209
0.30961
-0.00744
0.10521
-0.30073
-0.29018
0.11445
-0.09175
0.37569
-0.14614
-0.18264
-0.48922
0.26362
0.36524
0.28574
0.18574
-0.49479
0.49132
-0.61076
-0.52563
-0.31652
0.26834
-0.00295
-0.09962
0.40843
-0.0985
0.47509
0.57925
-0.14183
0.13434
0.12278
0.31088
0.05125
-0.21185
-0.21562
-0.48607
0.39555
0.29666
-0.31961
0.28396
-0.43898
0.06053
0.48574
0.48574
0.48968
0.36849
-0.13242
-0.14494
-0.2006
0.27012
0.28803
0.19246
0.49524
-0.41182
0.57236
0.13284
-0.26716
0.0197
0.09766
0.19494
0.38807
0.53553
0.15044
-0.38434
-0.16415
-0.29709
0.08274
-0.41983
0.02962
-0.46979
-0.21426
0.38574
-0.01986
-0.44807
0.26928
-0.54539
0.26339
0.2086
0.2305
-0.42309
0.28804
0.48851
0.67204
-0.06717
-0.16732
0.01727
0.29554
-0.00446
0.37645
0.49992
0.24981
0.12072
-0.18607
0.41575
-0.13687
-0.07774
-0.27038
-0.36979
-0.10455
0.09545
0.49187
0.36051
-0.51784
-0.23828
-0.13013
0.01677
0.53584
-0.03551
0.17225
-0.33322
0.44726
0.01868
-0.18046
0.10107
0.17319
0.67632
0.27554
0.27024
0.32176
-0.21132
0.40656
0.30081
0.25223
-0.46784
0.3296
-0.36981
-0.37542
0.12458
-0.08147
-0.11799
0.32157
-0.39997
0.3921
0.53001
-0.45463
-0.16132
-0.07135
-0.0714
-0.3896
0.29526
0.09833
-0.23006
-0.07796
-0.17615
0.55409
-0.12864
0.21184
0.06322
-0.49966
-0.14114
-0.02067
-0.34233
-0.27049
-0.4699
