0.27644
-0.02356
-0.34154
0.25147
-0.27834
0.24449
-0.30454
-0.77202
-0.81593
-0.5447
-0.40424
-0.51367
-0.61803
0.11213
-0.13927
-0.45084
-0.24425
0.05871
0.62922
-0.2238
0.60942
0.61729
-0.1979
-0.45602
0.23388
-0.63367
-0.44461
-0.14461
-0.22356
-0.32356
-0.14069
-0.54853
-0.17826
-0.66416
-0.09871
0.18131
-0.68364
-0.21358
0.12988
0.19397
-0.42538
-0.1614
-0.0479
0.46953
-0.41777
-0.08369
0.11108
-0.39206
-0.37463
-0.24247
0.37625
-0.20404
-0.09491
-0.41742
-0.23653
0.26347
0.27644
0.07644
0.29967
-0.09148
-0.39409
-0.3133
0.25678
-0.59319
-0.43127
-0.40572
0.41495
-0.44907
-0.52411
-0.336
-0.2446
0.46041
0.27846
0.17838
0.37631
-0.0038
-0.22655
-0.20538
0.29927
-0.07145
-0.04897
-0.31919
-0.74137
-0.54137
0.27905
-0.12095
-0.49883
0.01305
0.30494
0.11874
-0.06715
0.17495
-0.44472
0.24467
0.57191
-0.22279
-0.04187
0.3396
0.04544
-0.14148
-0.45204
0.16444
0.19657
-0.01394
0.03639
-0.03995
-0.16474
-0.16081
0.18271
-0.05902
-0.00686
-0.60796
-0.32074
-0.02074
-0.3192
-0.18373
0.12781
0.12622
-0.08787
0.06177
0.31553
0.43731
0.36542
-0.42439
-0.11003
-0.24342
-0.0172
0.34798
-0.30087
-0.23965
0.19208
-0.13759
-0.34737
0.26054
0.47077
0.19581
0.30073
-0.32327
-0.34771
0.26523
-0.52078
-0.12078
-0.29629
0.41361
-0.09089
-0.34993
-0.48213
-0.32598
-0.24483
0.21979
0.07321
0.35006
-0.33587
-0.35782
0.2672
0.57124
-0.38182
0.25821
0.47847
-0.43687
0.21875
-0.58594
-0.37898
0.18426
0.48446
-0.2386
-0.19165
0.11933
0.10806
0.30806
-0.26149
0.03047
-0.08876
-0.43321
0.09898
-0.54311
0.13166
-0.45861
0.10714
-0.11582
0.61757
0.00457
-0.29336
0.53781
-0.46787
-0.36156
-0.29425
0.28315
0.00611
-0.57621
0.07807
0.33472
0.39891
0.38458
0.29911
0.09803
0.23074
0.03074
0.3453
0.23188
-0.27831
-0.01759
0.39104
-0.44428
0.08935
0.28983
0.1069
-0.36951
-0.39707
0.19888
-0.26196
-0.39237
0.02959
0.3877
-0.14283
0.12633
-0.10964
0.20002
0.22288
-0.26619
-0.48747
-0.2923
-0.11748
-0.01748
0.33074
-0.06926
-0.05522
-0.46793
0.08839
0.5362
-0.47808
-0.41731
-0.20257
0.42071
0.24248
0.08413
0.52636
0.02681
0.20533
-0.43136
0.56067
0.01787
-0.51921
0.46713
0.03879
0.12772
-0.44512
-0.26788
0.44328
0.54804
-0.459
-0.2608
-0.06926
0.03074
-0.25522
0.23229
-0.22072
-0.44392
-0.06186
-0.52095
-0.46002
-0.04404
0.01813
-0.11026
0.3942
-0.46934
0.61983
0.33572
-0.29764
0.27615
-0.03494
-0.12127
-0.26048
0.10984
0.4543
0.16463
0.16424
-0.42481
-0.14334
-0.14866
-0.36926
-0.36926
0.26109
-0.24763
0.43677
-0.40298
-0.28163
-0.32201
0.29435
-0.11607
0.43944
-0.20747
-0.06854
0.54561
-0.2712
-0.26643
-0.00846
0.27901
0.50313
0.40437
-0.03659
0.19732
-0.44175
-0.50349
-0.33842
0.62502
-0.28018
-0.48288
0.43035
0.23035
0.06256
0.0549
0.52069
0.15662
-0.26605
-0.29442
-0.20382
0.43205
0.26511
0.57764
-0.41195
0.12367
-0.46314
-0.43362
-0.22452
-0.22626
-0.18153
-0.01911
-0.38954
-0.08517
8.9E-4
-0.46716
0.40159
-0.02593
-0.27654
-0.27654
-0.25305
-0.05305
0.18182
0.4794
-0.51417
-0.02936
-0.37914
-0.24414
-0.14271
-0.48475
-0.10402
-0.31454
0.43216
-0.22074
-0.14785
0.53617
-0.11857
-0.06544
-0.01947
0.65206
-0.23033
0.47871
-0.47429
0.39065
-0.53654
-0.44884
-0.368
0.0302
-0.35305
0.34695
-0.33882
-0.07353
0.58896
0.01505
-0.24911
-0.38734
0.18308
-0.14553
0.01915
-0.02435
0.36167
0.32677
0.10683
0.37972
-0.17941
-0.13339
0.0572
-0.04055
0.10226
0.25949
-0.1424
-0.42972
-0.08801
-0.54366
-0.43747
-0.53747
0.14695
0.14695
0.08067
0.54572
-0.09237
-0.07231
0.37232
-0.18254
-0.11251
0.22914
0.28416
0.1171
0.11421
0.35307
-0.3961
-0.38123
-0.17063
0.15034
-0.37841
0.33825
-0.5078
0.21137
-0.47014
-0.24829
-0.13613
0.39955
-0.01139
-0.01139
-0.35293
0.24707
0.18071
0.34552
0.5177
0.00209
-0.22835
0.27982
0.43332
0.38575
-0.20572
-0.37707
0.4224
0.2322
0.25893
-0.07285
0.22941
-0.07579
-0.36591
-0.31771
0.41637
-0.38465
-0.50202
0.00676
-0.43575
-0.29165
0.34472
0.15626
-0.10433
-0.10433
-0.13316
-0.15137
0.35589
-0.33888
0.56904
-0.30175
-0.31387
0.55575
0.23689
0.47298
0.08449
-0.34431
0.10775
-0.45599
0.22853
0.11529
0.08662
-0.02634
0.1022
0.31903
0.10972
-0.54002
-0.32079
-0.29323
0.44846
-0.1348
-0.18318
-0.48318
0.17299
0.22056
-0.31844
0.34394
0.58254
-0.2504
0.51856
0.31521
0.2362
-0.34074
-0.4496
0.088
-0.41422
-0.38101
0.00652
0.23899
0.24225
-0.20277
0.52714
0.18014
0.42573
0.22911
0.25763
0.07691
-0.00226
-0.0427
0.11155
0.21155
0.48399
0.09953
-0.14632
0.52114
0.3187
-0.41611
0.56687
-0.07467
0.01338
0.62252
-0.18064
0.01372
0.06673
-0.38815
-0.22702
-0.05481
0.37322
-0.19078
-0.16372
-0.00106
0.56824
-0.26081
0.12539
0.16907
0.14517
-0.0591
0.4116
-0.3884
-0.32549
0.47893
-0.06404
0.20586
0.23531
0.08443
-0.1477
0.59629
-0.18726
0.72662
-0.17278
0.042
0.26912
0.12357
-0.25787
0.16773
0.68984
0.68005
0.4879
0.38539
-0.07514
-0.05823
-0.19102
0.30713
0.04212
-0.45395
0.49931
-0.50069
-0.06547
0.33443
0.0251
0.51435
-0.10554
-0.0922
0.17374
0.62276
0.69822
-0.10392
0.49577
0.04255
0.6662
0.40796
-0.31686
-0.10588
0.011
0.20357
0.28106
-0.28991
-0.02111
0.53131
-0.20466
0.50065
-0.21986
-0.01083
0.4763
-0.3237
0.31521
0.21291
0.22921
-0.15111
-0.13004
-0.09333
0.04887
0.33378
0.59288
-0.30598
-0.09889
0.74018
0.05888
0.36751
-0.13826
0.48428
0.15759
-0.17372
-0.25167
-0.40135
-0.23854
0.42623
-0.12027
-0.00524
-0.11651
0.29448
-0.12927
-0.12927
-0.11518
-0.00824
-0.23661
-0.1554
-0.22208
0.14002
0.00146
-0.00152
0.35274
-0.09067
0.51573
-0.1152
0.39821
0.34275
-0.41008
0.45481
-0.58461
-0.11259
0.03046
-0.04213
-0.42363
-0.23366
-0.4579
0.34691
-0.01742
0.39456
0.16902
-0.53098
0.36452
-0.13156
0.37895
0.15155
-0.22892
-0.38299
0.43463
0.54768
-0.31088
0.15669
-0.10508
-0.42051
0.13578
0.38289
-0.37748
0.43367
-0.23862
0.23848
-0.29948
-0.21387
0.50904
0.30973
-0.10746
0.49276
-0.22315
0.1843
-0.03098
-0.23098
0.36189
-0.33579
0.47976
-0.43562
0.44698
-0.45823
0.0391
0.14842
0.24718
0.34961
0.28202
0.30512
0.50512
0.57984
-0.15526
-0.35777
0.24125
-0.46086
0.62764
0.0173
0.55883
0.04239
-0.42802
0.00518
-0.19574
-0.29666
-0.43098
-0.13098
-0.43795
-0.1478
-0.31302
-0.02929
-0.05503
-0.47672
0.01438
0.34231
-0.34997
-0.24899
-0.31767
0.50237
-0.39563
0.48017
0.04225
-0.05775
-0.14018
-0.20662
0.13118
-0.26511
0.26543
-0.22762
0.16616
-0.2437
0.40426
-0.29666
-0.32921
0.47079
-0.43556
0.15453
0.08918
-0.02345
-0.34383
0.07755
0.43105
-0.48852
0.41699
0.23406
-0.4421
0.57971
0.48248
0.18119
-0.43257
0.36757
0.57012
0.12174
-0.1818
0.62385
-0.04416
0.17672
0.54118
0.46033
-0.49678
-0.4977
-0.42382
-0.42382
0.26934
-0.3369
0.38416
0.20026
0.06883
-0.3125
0.43526
-0.45983
0.34068
0.10672
-0.07812
0.14468
0.34877
-0.22615
0.13137
-0.05948
0.01196
0.62713
0.20529
0.6165
0.13396
0.00143
0.19477
0.49666
-0.50095
-0.50187
