-0.49598
-0.49598
0.30559
0.20572
-0.37416
-3.0E-5
-0.26548
0.63291
0.53266
0.10075
0.05258
0.37892
0.15318
-0.2144
0.29078
0.32597
-0.06306
-0.19278
0.15966
0.37569
0.03959
0.20573
-0.13057
0.32737
-0.31389
-0.36176
0.10133
-0.29867
0.10402
-0.49598
-0.49442
0.10572
-0.46887
0.31024
0.18051
0.24346
0.19488
0.30247
-0.44037
0.37972
0.17765
-0.00589
-0.40844
0.19369
-0.26823
0.1501
0.37488
-0.22628
-0.34988
0.23263
0.02606
-0.08429
-0.00333
0.28764
0.6204
-0.2796
-0.19598
-0.09598
0.0992
-0.50295
0.4248
0.50909
0.04981
-0.13888
-0.15236
-0.24547
-0.09978
0.39838
-0.09644
-0.10735
-0.39618
-0.49561
-0.26883
-0.46042
-0.15085
-0.15127
0.15417
-0.28373
0.4475
0.26028
0.28924
0.10264
0.12137
0.62137
0.0959
0.1959
-0.30385
-0.20447
0.49414
0.30857
-0.02988
-0.43449
0.03513
-0.18444
-0.36811
-0.13638
-0.08898
-0.12215
0.4256
0.01336
0.43518
-0.00724
0.1797
-0.53565
-0.61105
-0.01911
-0.11338
0.21085
0.31582
-0.07624
0.43947
0.43799
-0.00628
-0.20628
-0.50602
-0.00595
-0.10273
0.12428
-0.04449
-0.57134
-0.2057
-0.44194
-0.17488
-0.12596
-0.42245
-0.31196
0.28927
-0.30586
0.16031
-0.3849
-0.42227
-0.44658
0.05007
0.39579
0.01402
-0.08877
-0.57462
-0.37155
0.09779
-0.2957
-0.20629
-0.30629
-0.01112
0.18858
0.38075
0.40207
-0.4384
-0.33755
0.18275
-0.38981
-0.01755
-0.25466
0.38994
-0.35921
0.42878
-0.33113
-0.06817
-0.29095
-0.36855
-0.32098
-0.50359
0.315
0.21658
-0.44557
-0.40323
-0.50226
-0.3582
-0.44696
-0.4061
0.0939
0.38351
0.3541
-0.0282
0.24004
-0.41806
-0.39892
0.25586
-0.09138
0.12818
0.52894
0.05009
0.54443
0.01872
0.06625
0.13139
0.23034
0.2689
0.17621
0.0892
-0.34679
-0.04676
-0.04896
-0.63397
0.09578
0.23562
-0.367
0.39406
-0.00594
-0.41621
0.05717
0.47227
0.15543
-0.32368
0.29625
-0.2443
0.50183
0.29395
-0.17753
0.46988
0.54434
-0.38868
-0.4161
-0.33795
-0.0349
0.5361
-0.14045
0.52817
0.00205
0.29055
-0.21575
0.07628
0.39623
0.01332
0.11393
-0.00594
0.29406
0.28391
-0.44242
-0.32556
-0.46244
-0.64764
-0.19285
-0.42925
0.60669
0.0416
0.51426
0.31342
-0.0083
0.17777
0.25004
0.5274
0.33289
0.40044
0.17158
0.11767
0.74247
0.38569
0.16381
-0.59698
-0.59725
-0.78384
-0.68386
0.29406
-0.00594
0.18391
0.45804
-0.04453
-0.26588
0.15499
0.00901
0.2329
-0.12743
0.33481
0.2332
0.34801
0.15795
0.1647
0.60704
0.48913
0.21335
0.60644
-0.02852
0.44849
-0.29216
0.18939
-0.36069
-0.30048
0.16779
0.23097
-0.17227
-0.20594
-0.20594
-0.51529
0.06012
0.24952
-0.27393
-0.44549
-0.26825
-0.04638
-0.29582
0.25996
0.2041
-0.26036
0.48407
0.58946
0.34641
0.0641
0.02167
-0.10442
0.64041
-0.06912
0.56495
0.23628
-0.2547
0.33772
0.32624
0.14975
-0.65043
0.49525
-0.00475
-0.21489
0.26006
-0.55298
0.32802
-0.339
-0.48885
-0.46569
-0.17173
-0.31984
0.1795
0.26972
-0.29178
0.20993
0.18423
-0.25771
0.37212
0.15351
0.29725
0.33827
0.23585
0.45089
0.14875
-0.61979
0.3448
0.25007
-0.54993
-0.19514
0.10486
0.28736
0.46053
0.16846
0.32981
0.04474
-0.08775
-0.00755
-0.41185
0.44386
0.01682
-0.11043
-0.40669
-0.08036
0.41092
0.04197
-0.37536
-0.20442
-0.21044
-0.29165
-0.46056
-0.00249
0.20433
-0.36552
-0.27972
-0.21206
-0.11206
0.20486
0.10486
0.39371
-0.0218
0.39154
-0.26671
-0.10546
-0.31306
-0.44197
0.1332
0.27413
0.21484
0.20912
-0.41907
-0.01046
-0.30087
-0.23407
0.23112
0.4946
0.71211
0.30566
-0.10223
0.05164
0.59704
-0.29133
0.27498
-0.11467
0.28533
-0.49514
0.20486
0.0945
-0.40311
-0.17885
-0.06973
0.18162
-0.27625
0.33891
0.0283
0.58219
0.64361
0.04925
-0.12161
0.6362
0.36431
-0.24919
0.75342
0.59881
0.68841
0.08472
0.31868
-0.17859
0.43022
-0.48134
-0.50892
0.39099
-0.50901
-0.49513
0.20487
-0.0055
-0.50402
0.12337
-0.27012
0.3902
0.57559
0.09163
0.5342
0.00134
0.27834
-0.17463
0.73569
0.53361
0.30816
0.20142
0.21073
0.35737
0.12998
-0.16545
-0.15804
0.47
0.33442
0.03651
-0.14448
-0.23782
0.46187
0.40452
0.30452
0.49439
-0.50432
-0.3742
0.29701
-0.56333
0.00986
0.541
0.1599
0.10871
-0.37145
-0.33692
0.58251
-0.22218
-0.03545
0.12999
0.44745
-0.40637
0.47988
-0.16896
0.45212
-0.43257
-0.23397
-0.04714
0.16845
-0.24939
0.35031
0.30454
0.50454
-0.00379
-0.10401
-0.24453
-0.15589
-0.11497
-0.44428
-0.41137
-0.20952
-0.50999
0.06782
-0.3117
0.49519
0.20012
-0.09258
0.28677
-0.31939
0.03464
-0.11372
0.1609
-0.35567
-0.07492
0.39965
0.41592
0.27053
0.16862
0.16892
-0.19579
0.40421
-0.50946
-0.51768
-0.1213
-0.39746
0.41994
0.22437
-0.1004
-0.29491
-0.57073
0.24312
-0.04814
0.35138
0.00565
-0.45594
-0.35921
0.24797
0.00304
-0.33383
0.23905
0.26044
0.17819
0.32266
-0.20106
0.24903
0.1133
0.49338
0.50422
0.40422
-0.4109
0.36683
0.47217
0.47649
0.53879
0.39561
0.34464
-0.38857
0.16005
0.0969
-0.0975
0.19845
-0.25065
0.09328
0.08876
0.08356
-0.4028
0.01837
-0.15962
0.10706
-0.40335
0.19935
0.31384
0.23444
-0.00723
0.18747
0.1041
-0.0959
-0.50453
-0.2293
-0.13522
0.17589
0.53273
-0.50095
-0.36741
0.04507
-0.43594
0.32249
0.27148
-0.53693
-0.28662
0.40757
-0.54872
0.00698
-0.01154
-0.29371
-0.09551
0.50062
0.19307
0.13583
0.03189
0.29137
-0.02444
0.0672
0.40376
-0.09624
0.09497
0.17668
0.11547
-0.47574
0.11367
0.53017
-0.38266
0.0948
-0.15843
0.06788
-0.11901
-0.06901
-0.27119
0.57735
-0.32
0.28501
0.07311
-0.1421
-0.4772
-0.27444
-0.1671
-0.16437
0.40543
0.54887
0.05711
0.54949
0.20373
-0.29627
-0.09961
0.2059
-0.2896
-0.46879
0.19194
-0.023
-0.27619
0.38774
0.37749
-0.19926
0.35599
0.62819
-0.2723
-0.31423
0.43729
0.51683
0.45512
-0.12916
-0.50361
-0.53233
-0.42506
-0.36953
0.29651
0.00371
0.35627
-0.04433
-0.19627
0.40373
0.10492
-0.18936
0.02093
-0.48527
0.20397
0.00251
-0.30796
-0.3128
-0.01097
-0.33674
-0.14426
0.42007
0.12794
-0.20101
0.33375
-0.28989
0.19025
0.63691
-0.15453
-0.11909
-0.42958
0.15958
-0.29948
-0.09677
0.30613
-0.40226
-0.19627
-0.09627
0.00492
0.11063
-0.17789
-0.2574
0.15655
0.33419
-0.40585
-0.41095
0.38286
0.03451
-0.27109
-0.20268
0.09732
0.54447
0.15829
0.0584
0.16013
0.16436
0.57033
-0.37346
0.09819
0.39778
-0.3937
0.21995
-0.27342
-0.08178
0.10373
-0.29627
0.39954
0.19928
0.22524
-0.41848
0.30574
9.3E-4
0.39403
-0.11184
-0.46541
0.43465
0.42907
0.59733
0.59734
-0.15253
0.35867
0.55867
-0.13984
-0.0356
-0.02936
0.07684
0.04941
-0.49926
-0.34272
-0.27606
-0.27342
0.61822
0.20373
0.30373
0.1994
0.09586
0.02345
-0.01961
0.40872
0.10913
-0.20967
0.6018
-0.02293
0.37152
0.3413
-0.25251
-0.15541
-0.17653
-0.13908
0.16877
-0.2386
0.02262
-0.05713
-0.22973
-0.2207
-0.27535
0.56818
-0.06767
-0.37342
0.41822
-0.09627
-0.09627
-0.50033
0.19529
-0.08009
0.5783
0.01383
-0.25939
-0.10407
-0.00614
-0.32352
-0.16327
-0.33513
0.16454
-0.24129
-0.03874
-0.13541
0.08427
0.47346
-0.33197
0.31573
-0.34318
0.54894
0.09034
-0.00124
0.22746
-0.07342
0.51822
