1.0E-5
-0.49999
-0.26782
0.54354
-0.08353
0.43298
0.47147
0.76134
0.81413
0.65104
0.54569
0.29149
0.216
0.48754
0.599
0.46019
0.41666
-0.04184
0.48088
0.24512
-0.04522
0.10079
0.00669
0.83867
0.12964
0.00367
-0.04356
-0.34356
-0.09999
0.30001
0.13088
0.24354
0.42223
0.28665
0.53149
-0.14386
0.54431
0.56301
0.34485
0.40633
0.64016
-0.04773
0.31348
-0.30921
-0.35311
-0.08949
0.11671
0.35512
0.4259
0.38712
0.05906
-0.0068
0.58663
-0.18618
0.23386
0.23386
1.0E-5
-0.19999
0.34538
0.36409
0.22949
-0.42509
0.0407
0.05242
0.05049
-0.15687
0.68983
0.26851
-0.11218
0.49161
0.07832
0.55695
0.45571
-0.20293
-0.31163
-0.07708
-0.25616
-0.11009
-0.28983
0.48429
0.34277
0.21993
0.23808
0.238
0.21761
0.11761
0.53985
-0.15157
0.02926
-0.02272
-0.12091
0.7933
0.73036
0.67295
-0.37993
0.24451
0.49669
-0.07434
-0.45362
0.29768
-0.40516
0.42629
0.64084
0.55957
-0.20769
0.5821
0.47082
-0.19798
0.65584
0.0279
-0.52013
0.15479
0.30001
-0.19999
0.52831
-0.4642
0.36376
0.27744
0.44145
-0.09036
0.49999
0.71825
-0.21275
0.09538
-0.27374
0.22262
-0.16863
0.50468
-0.35593
-0.15634
-0.0621
0.06713
-0.52616
0.35124
0.22971
0.04869
-0.0745
0.35917
-0.46925
0.01942
-0.19999
-0.29999
-0.3942
0.11058
-0.59581
-0.23465
0.33126
0.58437
0.04748
-0.30481
-0.27361
0.40612
-0.52223
-0.14117
-0.52445
0.30208
0.43395
0.29868
0.33322
-0.24108
0.39311
-0.65913
-0.69838
-0.52225
-0.65204
-0.12515
-0.48642
0.21807
-0.50572
-0.00572
0.09598
-0.33856
0.08789
-0.12646
0.21816
-0.25868
0.23012
0.60196
0.04039
-0.13588
-0.52414
-0.36019
-0.34379
-0.36589
-0.05014
0.18944
0.37013
-0.32793
-0.53834
0.4332
-0.62006
-0.3241
-0.15765
-0.22969
-0.46339
-0.87584
-0.0102
0.0898
0.09504
-0.43391
-0.19944
-0.36213
-0.18474
0.2081
0.05678
-0.05528
-0.11706
0.21502
0.45423
-0.29382
-0.30743
0.47506
-0.0414
0.17724
-0.22073
-0.28498
0.20795
0.36741
-0.27915
-0.46849
0.41559
0.24496
-0.64418
-0.34336
0.1898
0.2898
-0.20466
0.06675
-0.08002
-0.82739
-0.47626
-0.3957
0.25898
-0.48909
-0.18765
0.38677
-0.47898
0.03181
0.59453
0.13387
0.09976
0.1342
0.36215
0.12205
-0.4001
-0.26987
-0.09508
0.22851
-0.39219
0.46843
-0.11997
-0.01121
0.3898
-0.4102
-0.00466
0.26741
0.11907
-0.99768
-0.73605
-0.18918
0.23489
0.14262
-0.34605
-0.58608
-0.2424
0.43927
0.24472
0.26205
0.23393
-0.3987
0.39531
-0.23589
-0.54259
-0.4717
-0.23037
-0.15446
0.23018
0.18767
-0.68768
0.02361
0.3898
0.0898
-0.39774
-0.12289
0.30059
-0.36667
-0.64694
0.09282
0.11804
-0.13545
-0.9525
-0.2657
0.41298
0.07488
-0.45622
0.4045
-0.29313
0.02695
0.26086
-0.26705
-0.40085
-0.03029
0.26277
0.74976
0.07266
-0.06664
-0.66367
-0.55888
-0.5102
0.2898
0.50017
0.47318
-0.52
-0.78991
-0.27701
-0.27431
-0.3451
-0.10512
-0.78853
0.18948
-0.23367
0.36569
0.29043
-0.49027
0.0753
0.22296
-0.16424
-0.08683
-0.0452
-0.39792
0.34735
-0.31267
-0.41317
-0.24739
-0.17005
0.02995
-0.2025
-0.3025
0.47192
-0.56638
-0.64037
-0.82707
-0.34661
-0.22177
-0.49618
-0.22905
0.09224
0.13038
-0.20824
-0.30837
-0.37456
0.10571
-0.22566
-0.24185
0.12766
-0.02268
0.14307
-0.08237
0.07552
-0.29395
-0.16935
0.4287
-0.27712
-0.07585
0.1975
0.1975
0.46467
0.00885
-0.18818
-0.22312
-0.25966
0.25875
-0.29645
-0.1117
-0.01562
-0.89545
-0.83349
-0.03939
0.29373
-0.45621
-0.02317
0.14368
-0.46468
0.52198
0.33122
-0.50384
-0.15434
0.07093
-0.70212
0.01301
0.28652
-0.41348
0.1975
-0.3025
-0.42763
0.11567
0.01449
-0.54293
-0.31453
-0.06358
-0.26455
0.08811
-0.09828
0.47832
-0.17713
-0.10474
0.02798
0.4172
0.49768
0.60475
0.40314
-0.14044
-0.42409
0.45347
0.47452
-0.47462
0.158
-0.13038
-0.82987
-0.22987
-0.3025
0.3975
0.37237
0.41576
0.12604
0.25983
0.19829
-0.75141
0.08216
0.15127
-0.4467
0.29954
0.12161
-0.32996
-0.17929
-0.04524
0.1634
0.54948
0.11374
-0.50952
-0.38978
-0.36198
0.20714
-0.80635
-0.41778
-0.1412
-0.1409
-0.52199
-0.09229
0.30771
0.47513
-0.287
0.32627
-0.67855
-0.67299
0.08715
-0.76452
0.24115
-0.2816
0.25349
0.3846
-0.3488
-0.39855
0.47664
0.29642
0.1581
-0.19704
-0.39342
-0.30492
-0.64473
-0.0798
-0.29767
-0.15414
-0.5926
0.64306
-0.17165
0.14295
0.34295
0.00375
-0.39427
-0.06218
0.0036
-0.94995
0.1429
-0.54526
-0.08057
-0.74112
-0.21625
0.18907
-0.38744
-0.50748
-0.24185
-0.17085
-0.30955
-0.28012
0.02056
-0.2186
-0.48769
-0.0077
-0.67702
-0.71318
0.16874
-0.25062
-0.17077
0.46102
-0.03898
0.02336
-0.20274
-0.16166
-0.1484
-0.1133
0.07311
0.24518
-0.57153
0.02209
0.27717
0.44673
0.37036
0.02797
-0.18152
0.31592
0.42649
-0.26458
0.23527
0.15826
0.38534
0.00685
0.27319
-0.73347
-0.22414
0.20222
-0.53107
-0.03221
-0.43221
-0.36445
-0.38652
0.60559
-0.3507
-0.37102
-0.03279
-0.09388
-0.34872
-0.49432
-0.51448
0.01246
-0.18558
0.42958
0.13732
-0.31919
0.06741
0.51422
-0.01061
0.57527
-0.10218
0.17258
-0.39708
-0.0879
-0.39702
0.60526
0.26649
-0.34712
-0.14712
-0.37939
0.19499
0.73836
-0.24747
-0.19082
0.36719
0.14354
0.47513
-0.29677
-0.44767
-0.49831
0.10003
0.39471
0.32271
0.44678
-0.28596
-0.45573
0.50282
-0.35807
0.33901
0.18284
0.57824
0.08918
0.19815
0.50225
-0.05038
0.01626
0.21626
-0.31247
-0.16822
0.44519
-0.17003
0.18266
-0.50013
0.14435
0.11878
0.37071
0.4524
0.36418
-0.35959
0.02391
0.21841
0.01523
0.40888
-0.09747
-0.485
-0.41193
-0.38138
0.38679
0.08874
0.32918
-0.30859
0.14303
-0.31183
0.28533
0.18533
0.27758
0.20687
-0.0925
-0.21007
-0.11514
-0.84576
0.38985
-0.3487
-0.48672
-0.1585
0.53741
-0.01465
0.50715
-0.0072
-0.54004
0.22679
-0.27837
0.14971
-0.48991
-0.58321
-0.68994
-0.66073
0.00394
-0.47517
-0.35067
0.19192
-0.4193
-0.3193
-0.21175
-0.26797
0.32561
-0.35881
0.17804
0.18745
0.1729
-0.43837
0.06013
0.05001
0.02568
0.29273
-0.07812
-0.36841
0.3553
0.41322
-0.58588
-0.05688
-0.09373
-0.35069
0.07751
-0.13227
-0.57683
-0.34618
0.11937
-0.2318
-0.4193
-0.5193
0.08644
-0.17263
-0.48036
0.24539
0.12668
0.00976
0.1027
-0.35965
-0.48879
-0.28696
-0.19729
0.19528
-0.30472
0.39957
0.10654
0.10646
-0.06926
0.16151
-0.08033
-0.50109
-0.16322
-0.21225
-0.19204
-0.25055
0.23478
-0.1581
0.0807
0.0807
0.05264
0.11922
0.4237
-0.10989
0.68318
-0.10849
0.18279
-0.33913
0.21436
0.4159
0.30556
-0.4046
-0.50471
0.19929
-0.29342
-0.39342
-0.36826
0.36916
0.41907
-0.2326
-0.33069
-0.49629
-0.47435
0.20843
0.83478
0.4419
-0.41448
0.38552
0.25484
-0.19659
0.50889
0.57183
-0.02187
-0.06934
-0.33896
-0.41673
0.39876
0.45267
0.03877
0.30283
-0.59949
0.41864
-0.35578
-0.04433
-0.1578
-0.5627
-0.07727
0.48862
0.16098
0.11889
0.21183
-0.30383
0.03459
0.84171
0.50001
0.10001
0.16925
-0.18421
-0.53048
-0.30043
-0.21698
-0.04556
-0.157
-0.08447
0.16977
-0.08289
0.19174
0.216
-0.48876
-0.54806
0.41079
0.34061
-0.11723
-0.19311
-0.17846
-0.099
0.36337
0.01867
0.3571
0.00186
-0.16617
0.14095
