0.1
-0.2
-0.2
0.0
0.20088
-0.43763
0.26223
-0.13777
-0.13777
0.46233
-0.33758
-0.36545
0.42825
-0.27769
0.31312
-0.1861
-0.60999
-0.4058
0.39785
0.40031
-0.09159
0.31179
-0.0811
-0.06378
-0.05075
0.36002
-0.03998
0.16002
-0.4
0.4
-0.4
-0.1
0.30088
-0.13763
-0.53777
0.06223
0.06126
0.15783
-0.34635
0.12698
-0.58051
0.21438
0.31376
0.01392
-0.50982
-0.20547
-0.60315
-2.0E-4
0.00598
-0.09271
0.11501
0.13188
-0.25249
-0.33995
0.26002
0.26002
-0.1
-0.2
-0.4
-0.5
-0.09912
-0.13763
0.46219
-0.53781
-0.33977
-0.55409
0.12927
-0.57792
0.31774
0.01387
0.3928
-0.30833
-0.60972
-0.00513
0.09636
0.29957
0.40486
-0.5946
-0.48631
-0.36903
-0.55337
-0.1401
-0.33998
0.36002
0.2
-0.5
0.3
-0.1
7.5E-4
-0.12087
-0.52205
-0.02591
-0.4281
-0.33867
0.04264
0.34036
0.42096
-0.3558
-0.07327
0.10619
0.02786
-0.46819
0.07204
-0.14524
0.1276
0.22368
-0.27008
0.34905
0.26251
-0.12726
0.47797
-0.22203
-0.1
-0.2
0.0
0.1
-0.19996
-0.50415
0.09376
-0.10652
0.19379
-0.41472
0.17061
-0.44166
-0.56354
-0.55646
-0.33632
0.42721
-0.35377
0.35368
0.48678
0.36771
0.24892
0.34399
-0.45089
-0.53047
0.0842
0.39438
-0.40026
0.29982
0.5
-0.3
-0.4
-0.5
-0.29996
0.49676
-0.00522
0.29453
-0.30434
0.0953
0.45843
-0.25442
-0.26117
-0.55087
0.28477
-0.05454
0.15234
-0.54623
-0.20993
-0.43091
0.34973
-0.25617
-0.25083
-0.33047
-0.01573
0.0945
0.39994
0.19994
0.0
0.2
-0.4
-0.1
0.10003
0.50005
0.19945
-0.50075
-0.20056
-0.20729
0.35387
-0.16257
-0.35862
-0.04698
0.49947
0.25878
-0.44568
0.45487
-0.31004
0.37214
-0.34985
0.43843
0.04935
0.16965
-0.51563
-0.40536
-0.10009
-0.40009
-0.1
0.5
0.0
-0.1
0.39953
0.19948
-0.20072
-0.00108
-0.10107
-0.31857
0.34465
-0.56333
0.16082
0.38186
0.29941
0.45905
0.15526
0.25493
0.39288
0.07426
-0.35147
-0.16618
0.44533
-0.53032
0.38453
0.19476
-0.50009
-0.30009
0.1
-0.3
0.3
-0.2
-9.6E-4
-0.00113
0.19922
0.09936
-0.30062
-0.2317
-0.36079
0.14581
0.39483
-0.29992
0.19941
-0.24122
-0.04483
0.25445
-0.20621
-0.22569
-0.05141
-0.26604
0.44587
-0.03029
-0.11557
0.09476
-0.30024
0.49976
0.3
0.4
0.4
0.1
0.49897
-0.50113
0.39947
-0.49997
0.2883
0.25537
-0.35225
-0.4382
-0.40545
-0.4
-0.20059
-0.44054
0.35622
0.25435
-0.1086
0.47173
0.34942
-0.2661
0.24459
0.36977
-0.51556
0.09477
0.09976
0.49976
0.0
-0.2
-0.40102
0.39882
-0.50108
-0.30086
-0.40051
0.4728
0.4531
0.34496
0.35325
-0.43164
0.09548
-0.1
-0.29838
-0.23723
0.06089
-0.5449
-0.30909
-0.12923
0.05064
-0.06595
0.34157
-0.53683
-0.11534
-0.40511
-0.40024
-0.10024
-0.3
0.5
-0.30102
0.29882
-0.40008
-0.40186
-0.2019
0.2229
-0.39639
-0.19112
-0.28586
-0.37493
-0.14991
-0.35004
-0.44864
-0.48734
-0.3904
-0.2969
-0.36185
-0.0798
0.2071
0.4341
-0.55846
-0.43693
0.38451
0.49474
0.49976
-0.30024
0.29882
0.19882
0.29889
-0.1011
-0.19997
-0.42305
-0.12928
-0.20886
0.07155
-0.12485
0.38024
0.2931
0.01772
0.1149
-0.08593
0.17483
-0.02833
-0.63644
-0.10029
-0.21608
0.17187
-0.36545
-0.35787
0.06163
-0.32266
-0.40714
-0.30024
-0.10024
0.39882
-0.10118
0.2
-0.01526
-0.02522
-0.52886
-0.02928
-0.56602
0.21387
0.3012
-0.19269
-0.46589
0.33539
-0.36407
-0.46467
0.09643
-0.10665
-0.01505
0.42326
0.19964
0.18596
0.23384
-0.05668
0.16162
-0.41879
0.29976
0.09976
-0.10024
0.09882
0.09882
-0.40118
-0.31541
0.47361
0.06996
-0.23474
0.18044
0.27525
-0.11748
-0.61632
0.20967
0.40975
0.3095
0.20911
0.16765
-0.1336
0.06138
-0.40279
0.19425
-0.41007
-0.36416
0.33867
-0.05944
0.15479
-0.42666
-0.42666
-0.02666
0.09882
-0.50118
0.29882
-0.21541
-0.1264
-0.22824
-0.3308
-0.46005
-0.26632
-0.44206
0.36511
0.47635
0.17354
0.47225
-0.42837
-0.47212
0.02634
0.12533
0.06104
-0.24182
-0.44957
-0.16333
0.14183
-0.05398
0.36036
0.47099
-0.12678
-0.32117
0.09882
0.29882
-0.20118
-0.11619
-0.52651
-0.1309
-0.33811
0.46231
0.35542
-0.00784
0.13181
0.20927
-0.49552
-0.09719
-0.10002
0.05437
0.14992
-0.54829
0.2873
0.48615
0.17584
0.24572
-0.25486
-0.55202
-0.33746
-0.02718
0.47529
-0.21921
0.49938
-6.2E-4
0.39938
-0.31099
0.18698
-0.32372
-0.2473
0.34755
-0.45432
0.07849
-0.18148
-0.50102
-0.50621
-0.31079
0.0862
0.24749
0.24744
0.24888
0.09751
-0.22677
0.3584
-0.34948
0.35444
-0.02558
-0.31156
-0.01216
0.08992
-0.50543
0.3
-0.1
-0.5
0.1895
-0.02005
-0.52868
-0.2412
0.05837
-0.23827
-0.40561
0.3108
0.38688
0.48174
0.48109
-0.42127
-0.36018
-0.45946
-0.05931
-0.02148
0.46019
-0.54742
0.25016
-0.33883
-0.12165
0.27825
-0.42019
0.08331
0.30126
0.1
0.3
0.4
-0.0105
0.37033
0.16199
-0.04191
-0.14171
0.46339
0.48557
-0.00639
-0.32259
-0.0266
-0.22721
-0.12796
-0.26635
0.43441
-0.36475
-0.52725
-0.44702
-0.15363
0.44751
0.35687
0.17845
0.17163
0.47175
0.4738
-0.21895
-0.1
-0.2
-0.3
0.48975
-0.4321
-0.23965
-0.24191
0.15832
-0.33683
-0.13281
0.06894
0.06916
0.06803
-0.33305
0.16723
-0.17217
0.32647
0.12965
0.16818
-0.1525
0.34089
0.44111
-0.3514
-0.52928
-0.0339
-0.33378
0.0663
0.06634
-0.4
-0.2
0.3
-0.51179
0.16223
0.46108
-0.02579
0.17482
-0.31754
-0.40278
0.40164
-0.49828
-0.20662
-0.1108
-0.31055
0.05681
-0.55527
0.34426
0.47566
-0.23623
-0.24368
0.45643
-0.13937
-0.42416
-0.52832
0.2688
-0.03112
-0.03108
-0.5
0.4
0.5
-0.21025
0.36741
-0.43265
-0.50409
0.39669
-5.9E-4
-0.19069
0.21335
0.41378
-0.29174
-0.29289
-0.49254
-0.1926
0.10243
-0.29748
-0.49841
0.19197
-0.01227
0.08807
0.29284
0.29635
0.38149
-0.12468
-0.42483
0.07521
-0.4
0.4
0.1
-0.41025
0.06739
0.46733
-0.30424
0.09402
0.39793
0.30919
0.41448
0.0149
-0.48882
0.41177
-0.38844
-0.49241
0.10499
-0.19501
0.10058
-0.1143
0.08168
0.48216
-0.51062
-0.30698
-0.52182
-0.52726
0.47248
0.47251
0.3
-0.4
0.0
-0.01025
-0.53261
-0.33715
-0.50548
0.4983
0.29845
-0.29031
0.41498
-0.18502
0.21006
-0.19352
-0.49352
-0.39512
-0.19773
0.50227
0.19749
-0.31426
-0.21697
-0.11921
-0.21365
0.48632
-0.12803
0.06899
-0.22962
-0.52958
0.4
0.3
-0.20344
0.38348
0.06734
0.16285
0.29259
-0.00184
0.09845
0.00971
-0.08502
-0.48502
-0.08994
-0.19352
0.30648
0.50483
0.10176
0.20176
0.49742
-0.31441
-0.01709
-0.51944
-0.41362
0.18635
0.37178
0.369
-0.42962
0.17042
-0.5
-0.3
-0.50384
0.28206
-0.13267
0.36279
-0.30792
0.39787
-0.50182
0.00995
0.41473
0.31483
-0.39109
-0.19522
-0.09522
0.20118
-0.10437
0.09565
-0.30521
-0.01122
0.48601
0.28268
-0.11388
0.48607
0.2729
-0.22858
0.07038
0.37042
0.2
-0.4
-0.40367
-0.31794
-0.53267
0.3626
0.19168
-0.3023
-0.30186
0.10998
-0.28567
0.51437
-0.19324
0.30177
0.10177
-0.50495
-0.31451
-0.21451
0.3882
0.49402
0.09108
-0.01285
-0.21396
-0.01396
0.19035
-0.01588
-0.52961
-0.02957
