-0.3838
-0.0838
0.12186
-0.07808
-0.0706
0.14207
0.47738
-0.30994
0.19724
-0.22908
-0.34522
0.21206
-0.4758
0.1842
0.01778
-0.0585
0.51918
0.10446
0.0312
-0.00452
0.44589
0.67986
0.03435
0.49855
-0.10811
0.48962
-0.2491
0.5509
-0.1838
0.2162
0.12186
0.52192
-0.47014
0.10375
0.30725
0.09408
-0.38928
-0.20988
-0.01342
-0.52097
-0.28993
-0.18251
-0.27967
-0.2585
-0.17882
-0.28919
-0.48458
-0.07627
-0.49858
-0.08518
-0.20278
-0.28662
-0.27138
0.65176
0.2509
-0.3491
-0.1838
0.5162
-0.00207
0.18771
-0.30689
0.00169
0.19097
0.45037
-0.33449
-0.32845
0.19333
-0.10359
-0.09094
0.3202
-0.19331
-0.36987
-0.0793
-0.39164
-0.29166
0.40013
-0.02724
0.08644
0.27612
-0.5076
0.15583
0.56735
0.25312
-0.4491
-0.21144
-0.11144
-0.01918
-0.42409
-0.15846
0.36345
0.10748
-0.03487
0.38484
0.11221
-0.49155
0.4737
0.3882
0.44437
-0.12832
-0.33401
0.3306
0.22759
-0.40125
0.26975
-0.07139
0.01684
-0.46028
0.25593
0.05524
-0.22424
0.38472
0.38106
0.2199
0.1199
-8.6E-4
0.49194
0.37183
-0.09846
-0.26015
0.20842
0.50034
0.32368
0.22695
-0.2888
-0.38845
-0.04374
-0.45907
0.22573
0.32745
0.22509
0.42062
-0.54025
-0.21775
-0.54436
0.29433
-0.17459
-0.27954
0.44715
0.49392
0.58283
-0.0801
0.1199
-0.2052
0.29358
-0.51815
-0.4101
-0.4762
-0.38561
0.11693
-0.34817
-0.27457
0.33561
-0.45804
0.15424
-0.45056
-0.27203
-0.47087
0.12844
-0.06677
0.06275
0.20501
-0.22099
0.29041
-0.49095
-0.28969
-0.46713
-0.24614
-0.15179
0.2199
-0.4801
-0.03395
-0.45171
-0.44287
-0.42132
0.40872
0.20989
0.23387
-0.17919
0.17829
-0.05395
-0.36109
0.33989
0.14506
0.13908
-0.36072
-0.46368
0.54798
-0.28053
-0.53411
0.01615
-0.40051
-0.3901
-0.3031
0.21484
0.17984
0.47608
-0.18401
0.51599
-0.13409
0.04951
0.35254
-0.02858
-0.10152
-0.48938
-0.06544
-0.28193
0.39828
-0.24632
-0.25055
-0.38512
0.32454
0.04307
0.34501
0.34193
0.56189
0.32068
-0.43009
0.33426
-0.17737
-0.57705
-0.30308
-0.18865
0.45903
-0.14334
0.41101
0.31101
0.26314
-0.3536
0.44221
0.35081
-0.00691
-0.25895
0.08599
0.40828
-0.17222
0.48889
-0.32343
0.53478
0.55175
-0.02743
0.07365
0.15672
0.56668
0.45117
0.50795
-0.40739
-0.01417
-0.43099
0.10069
-0.30232
0.34483
0.44077
0.31101
0.21101
-0.24104
-0.55903
0.13885
-0.55617
-0.41042
-0.34854
-0.33924
0.11432
-0.25855
-0.28731
0.38728
0.26115
0.17447
0.18735
-0.34094
0.15337
-0.24428
0.14617
0.50934
0.38534
-0.27254
-0.07269
-0.30865
-0.51636
-0.26746
-0.3696
-0.38899
0.21101
0.15955
0.0415
0.33399
-0.07757
0.16587
0.252
-0.2058
0.51295
-0.18442
0.30155
-0.1061
0.56619
-0.40211
0.09554
0.06049
0.36926
0.35978
0.41182
0.50371
-0.18753
-0.25974
-0.32242
0.25759
-0.44496
0.23222
-0.36784
-0.48912
-0.08912
0.26306
0.14523
0.03415
-0.17717
0.26197
-0.47018
-0.20373
0.23447
0.51607
-0.00985
0.19153
0.49926
0.58193
0.07264
0.43673
-0.1585
-0.44759
0.33587
-0.27386
0.17423
-0.0741
-0.06562
-0.12288
-0.25034
-0.06784
0.43216
0.40991
-0.09009
0.06598
-0.2495
0.442
0.41876
0.1544
-0.16563
0.19992
-0.05737
0.32468
-0.34237
0.24077
-0.13035
0.44209
-0.30401
-0.10035
0.20202
0.43369
0.12863
0.01582
0.15715
0.50959
0.03407
0.01445
0.37887
0.3555
0.05558
0.2188
-0.0812
0.36745
0.2394
-0.06453
0.45118
-0.01599
0.35817
0.19742
0.09526
0.346
-0.39022
0.00558
-0.50732
0.30084
-0.19305
-0.19286
0.01045
0.33747
0.06175
0.4528
-0.44805
-0.30334
0.30113
-0.49874
0.17857
0.27378
-0.42622
0.1188
-0.0812
-0.33255
0.23999
-0.56738
-0.3599
0.28944
-0.28397
0.30529
0.49233
-0.13013
0.47509
0.47729
0.09847
0.21557
-0.10905
-0.10026
0.1361
-0.29181
-0.26042
0.01293
0.41647
0.13937
-0.18874
-0.39564
0.4813
0.35796
-0.34204
0.5188
0.1188
0.16745
-0.36001
-0.27513
0.00362
0.24402
0.33372
-0.09704
0.36583
-0.05153
-0.13702
0.17286
0.09352
-0.1503
0.52844
0.14127
0.4733
-0.2803
-0.07267
0.21243
0.28322
-0.24527
0.14461
0.39768
0.30384
-0.126
0.25832
0.0188
0.1188
-0.03255
0.35077
-0.54327
-0.39393
0.24486
-0.06932
0.39921
0.06976
-0.34487
0.29404
-0.47084
0.35119
0.38127
0.2847
-0.34227
0.36203
0.39654
0.19788
-0.02219
-0.47064
0.03535
-0.26203
0.09905
-0.09152
0.27639
-0.1381
-0.0885
-0.1885
0.06154
0.23233
0.2581
-0.32485
0.46914
-0.21249
0.07038
-0.37183
0.32496
0.40835
0.53921
0.1797
-0.32248
0.29903
0.4887
0.27181
0.07561
0.14078
0.12158
-0.51887
0.53411
-0.23786
-0.28688
-0.08241
-0.08017
-0.39422
0.18107
-0.11893
-0.25559
-0.07303
0.24846
-0.53378
0.40498
-0.46291
0.11176
0.04662
-0.14875
-0.05734
0.35306
-0.20785
-0.42036
-0.32601
-0.03397
0.5461
0.23563
-0.51324
0.2742
-0.04991
-0.50555
-0.37036
0.15039
0.35138
0.05304
-0.26049
-0.13617
-0.03617
0.3375
-0.37456
0.04827
0.14686
-0.31837
-0.28115
-0.3599
-0.36361
-0.04866
-0.25602
0.04471
-0.02907
0.16795
-0.44891
0.53792
0.23383
-0.07596
0.38229
0.26595
0.45082
-0.34734
0.24914
-0.24694
0.45944
-0.26811
-0.07315
0.36254
-0.03746
0.33731
0.22689
0.14108
-0.36823
-0.26788
0.15198
0.39172
0.0283
-0.26808
-0.35152
-0.24045
0.57436
0.17875
-0.25291
-0.46703
0.33307
0.21772
-0.53673
-0.4341
0.42952
0.19695
-0.40965
0.45285
-0.52193
0.12874
-0.17668
-0.02016
0.47984
0.04785
-0.25607
0.35777
-0.06746
-0.25272
0.15234
0.4875
-0.08699
-0.37762
-0.3392
-0.24596
0.55509
-0.34114
-0.2643
0.21424
0.40996
0.493
-0.22545
0.1874
-0.23676
0.22746
0.31765
-0.54669
0.27
0.04674
-0.45863
-0.39018
-0.19018
0.29883
0.20179
-0.39564
0.09698
0.50599
-0.20756
-0.2312
0.37914
0.48046
-0.06954
0.12963
-0.14692
-0.04577
0.55244
-0.36179
0.21567
-0.38844
0.50424
-0.41226
-0.21352
0.18898
0.38319
0.09456
0.20008
-0.37451
-0.47844
0.1098
-0.0902
0.20941
-0.18666
0.3056
0.28712
0.20196
-0.22271
-0.54334
-0.13853
-0.52857
-0.48832
0.20784
0.03145
-0.46667
-0.2791
0.4092
0.47264
0.5046
-0.00184
0.07023
-0.22773
-0.00916
0.3893
-0.53348
-0.02568
0.13582
-0.16999
-0.0902
-0.2902
-0.19063
-0.18672
0.00375
0.18501
-0.31969
0.17915
0.3745
-0.12198
-0.51886
0.10112
0.3058
-0.19419
-0.09419
0.19758
-0.52037
0.15891
0.46645
-0.32349
0.09001
-0.10281
-0.00526
0.30713
0.45714
-0.54538
0.01
0.10447
0.5098
0.3098
0.31945
-0.26957
0.04143
-0.46154
0.49459
-0.02036
0.29955
0.10027
-0.09888
-0.49519
0.30577
0.50536
0.30238
-0.12844
-0.24109
0.25891
0.46654
-0.02349
0.19062
0.01464
0.19284
0.08703
-0.38017
0.33453
-0.49
0.50447
-0.19018
-0.39018
-0.47928
-0.16723
-0.3634
0.1341
0.20243
0.17995
0.30582
0.22495
0.1253
-0.08793
-0.18941
-0.20144
0.49462
-0.13272
0.45729
0.46044
0.46739
0.08087
0.10878
-0.36687
0.00478
-0.01066
0.41575
-0.46833
0.01
-0.09553
0.20991
0.40991
0.12038
-0.46867
0.22732
0.42359
0.22146
0.01418
-0.47972
-0.23989
-0.22489
0.42356
0.31832
0.387
-0.01764
0.35712
0.35465
0.46251
-0.02992
-0.01338
-0.26415
0.06387
0.34248
0.32412
0.10666
-0.38974
0.01
0.30447
