-1.0E-5
-0.40001
-0.20001
-0.40001
0.19994
-0.3228
-0.5228
-0.5228
-0.02281
-0.02273
-0.12319
-0.02606
-0.52774
-0.04176
0.35612
-0.34388
-0.34277
-0.03968
-0.33481
-0.52449
0.47706
-0.32285
-0.1228
0.07732
0.27732
-0.22282
-0.22281
0.07719
-0.30001
0.39999
-0.10001
0.49999
-0.20006
0.07785
-0.52227
0.17698
0.17701
0.47709
0.07472
-0.33544
0.06146
-0.34254
-0.54323
0.15677
0.15805
-0.53932
-0.33474
0.17542
-0.52317
0.17753
0.27756
-0.42237
-0.32222
0.27783
-0.32216
-0.42216
0.19999
-0.50001
0.19999
-0.50001
0.19994
0.37786
-0.22229
0.2703
-0.13112
0.37596
-0.42673
-0.53965
0.25678
-0.54322
-0.04336
-0.54336
-0.04183
-0.53948
-0.13509
0.27511
-0.22352
0.17737
-0.02265
0.47749
-0.32225
0.27784
0.37785
-0.02215
-0.30001
-0.40001
-0.20001
-1.0E-5
-0.20023
-0.4126
0.28723
0.27751
-0.12891
-0.02884
0.06792
-0.33226
0.36784
0.37927
0.3701
0.25665
-0.24151
-0.53931
0.1877
-0.10223
-0.31236
-0.2128
-0.0129
-0.21204
-0.21203
-0.31201
-0.11163
-0.01163
-0.10001
-0.40001
-0.10001
0.19999
0.49979
-0.20735
-0.01464
0.28417
0.18292
-0.11694
-0.21974
0.17989
0.1797
-0.52074
0.07955
-0.54265
0.25788
0.25855
0.48754
-0.40278
0.29876
-0.50126
-0.50104
-2.0E-4
0.09981
-0.10016
0.3002
-0.4998
-0.10001
-0.10001
-0.5001
-0.5001
0.49936
-0.30809
-0.21736
-0.51737
-0.21729
-0.01499
-0.11436
-0.31416
-0.3138
-0.31812
0.2816
0.45852
-0.24185
-0.14174
-0.01224
-0.30265
0.09847
-0.10164
-0.30148
-0.10096
-0.50055
0.29946
0.09975
0.49975
-0.50001
-1.0E-5
0.3998
-0.40082
0.29879
-0.008
0.08275
-0.51725
-0.017
0.28882
-0.30403
-0.10203
-0.50019
0.08596
0.08405
-0.24085
-0.24185
0.25876
-0.21162
0.29762
0.29863
-0.10158
0.19838
-0.4015
0.49889
-0.50055
-0.30037
-0.50037
0.49999
-0.40001
0.0998
-0.50075
-0.40121
0.19871
-0.2013
0.0987
0.29892
0.29595
0.19594
0.09782
-0.50013
0.38605
-0.51595
0.45912
-0.34185
-0.34121
-0.01165
-0.30241
-0.00131
0.29848
0.09844
-0.20148
0.39893
0.49945
0.09963
-0.40037
0.19999
-0.40001
0.39981
-0.50075
-0.40121
-0.00129
0.49876
0.29936
-1.6E-4
0.09585
0.49593
0.29772
-0.20001
-0.51385
-0.01595
-0.14096
-0.3419
0.25828
0.38589
-0.10165
-0.1007
-0.20132
-0.00137
0.39864
-0.50105
-0.40055
-0.10037
-0.30037
0.09999
0.29999
-0.50019
0.49926
0.39879
-0.10129
-0.40119
0.49985
-2.4E-4
0.39584
-0.00342
0.09806
-0.20001
-0.41385
-0.21595
-0.24055
-0.14157
-0.442
-0.5156
-0.10158
0.19971
-0.00131
-0.50127
0.19876
0.09897
-0.40054
-0.30037
-0.30037
0.19999
0.29999
0.49981
0.29929
0.19879
-0.30129
-0.3012
-0.10228
0.49577
-0.00412
-0.4001
-0.50002
-0.50001
0.28615
0.28405
0.46198
-0.13993
-0.14196
-0.51555
-0.5015
0.19972
-0.20131
-0.00127
-0.20125
-0.20103
0.49946
0.19963
0.49963
-0.10001
-0.50001
0.09981
-0.50071
0.49879
-0.40151
0.0986
0.18126
-0.32092
-0.02072
-0.11675
0.18328
-0.31671
-0.13056
0.4672
0.4452
0.34324
0.24143
-0.53226
-0.51834
-0.01686
0.19869
0.49873
0.09875
0.39896
-0.50054
0.29963
-3.7E-4
0.19999
0.49999
-0.10019
-0.2007
0.39879
0.39825
-0.10175
0.46072
0.05839
0.05859
-0.03744
-0.43742
-0.53748
0.44859
-0.55352
-0.47551
0.22244
0.12072
-0.15298
-0.24091
0.46244
-0.00131
-0.30127
0.39875
0.29901
-4.9E-4
-3.7E-4
0.29963
0.09999
0.29999
-0.50019
-0.5008
-0.30138
-0.2018
0.29825
-0.14093
-0.54486
0.15523
-0.04081
0.05921
0.25914
-0.55478
0.44311
-0.57881
-0.48096
0.01735
-0.45627
-0.04636
-0.14269
0.49868
-0.00128
-0.30125
-0.20086
0.29963
-0.50037
0.29963
-0.40001
-1.0E-5
0.19981
0.29921
-0.30138
0.1982
0.49555
-0.44502
-0.24469
0.25887
-0.54113
-0.54112
-0.24113
-0.15498
0.14307
0.42108
-0.27892
-0.2791
0.04337
-0.14643
-0.44097
-0.30134
-0.20125
-0.10126
0.19895
-0.40056
0.29945
-5.5E-4
0.49999
-0.40001
0.39981
0.09921
0.49862
-0.30164
0.49583
0.07445
-0.12521
0.07725
0.47648
-0.52514
-0.02546
0.36069
-0.24126
0.33663
0.03661
0.33657
0.35904
-0.53076
0.4717
-0.50711
-0.30505
-0.30507
-0.30486
-0.30438
-0.40437
-0.00436
0.29999
-0.10001
0.29981
-0.40081
0.09862
-0.20147
-0.1042
-0.50699
0.29327
0.07022
-0.14233
-0.24491
-0.34528
-0.35905
0.33878
-0.16792
0.45248
0.15244
0.2765
-0.3133
0.38806
-0.50905
0.49387
-0.20616
0.49404
-0.50547
-0.10547
-0.20546
-1.0E-5
-0.30001
0.29981
0.19923
-0.3013
0.09497
-0.20521
-0.20416
0.49584
-0.23121
-0.0451
-0.54737
0.25222
-0.56178
-0.16389
0.21812
-0.0773
0.1229
-0.3429
0.38951
-0.10912
0.19127
-0.206
-0.10598
-0.50579
-0.50537
0.09461
-0.50538
0.19999
0.39999
0.39981
-0.10072
0.49878
0.09505
0.49489
-0.20407
-0.30407
0.36926
-0.04499
0.4526
-0.24782
0.13829
0.23619
0.4142
0.3142
0.11446
-0.2473
-0.31031
-0.409
-0.30862
-0.40599
-0.30599
-0.30583
-0.50531
-0.30531
0.2947
-0.20001
-0.30001
-0.30019
-0.10073
-0.00123
0.19507
0.29483
-0.40457
0.29592
-0.53031
-0.5445
0.35357
-0.54675
-0.06061
-0.36271
0.4153
-0.48469
0.21562
-0.34649
-0.20921
-0.1083
0.19197
-0.30661
0.19499
-0.50474
-0.40421
0.09579
-0.40421
-0.20001
-0.40001
0.19981
0.49926
0.39877
0.29511
-0.20523
-0.40521
0.49508
-0.03036
-0.14269
-0.54294
-0.24294
-0.1568
0.0411
-0.37171
0.23914
-0.06061
0.06906
-0.50617
0.39497
-0.10516
-0.00493
-0.30128
-0.10093
-0.4004
0.19961
-0.30039
-0.50001
-0.20001
0.3998
0.39767
0.29491
0.29483
-0.30527
-0.30414
-0.30102
-0.53106
-0.14051
-0.54072
-0.66014
-0.63832
-0.04041
-0.54081
-0.61565
-0.31565
0.26342
-0.00581
0.49501
-0.30511
-0.20487
0.49873
-0.20094
0.39966
0.19967
0.49967
-0.20001
0.39999
0.3999
-0.2001
-0.20451
-0.30494
0.19483
0.29588
0.09874
-0.20987
-0.11333
-0.51276
-0.22306
-0.21032
-0.41241
0.09028
-0.10693
-0.60737
0.32176
-0.41811
0.18287
-0.20246
0.39536
-0.10064
-0.50024
0.29977
0.19989
0.09989
-0.40001
-0.30001
-0.40001
0.39999
-0.20408
0.08916
-0.11286
-0.51193
0.09044
-0.31806
-0.02176
-0.52037
-0.02662
0.1884
-0.21298
-0.51302
-0.31252
-0.41314
0.09357
0.01061
0.11127
-0.06306
0.18721
-0.00844
0.39154
0.09157
-0.20081
-8.1E-4
0.29999
-0.10001
0.29999
0.39999
-0.00409
0.18789
0.28261
-0.21738
0.18261
0.27411
-0.02988
-0.42989
-0.4365
-0.61373
0.18627
-0.51372
-0.11366
-0.61365
-0.21
0.19887
-0.40368
0.32988
-0.02103
0.47973
-0.21635
0.38367
0.09845
-0.30155
-1.0E-5
-0.10001
-0.30193
-0.20331
0.39607
0.48885
0.08191
0.28262
0.38261
0.2741
0.37011
-0.52989
0.2635
0.08627
0.18627
0.18629
-0.61365
-0.11365
0.28975
-0.40113
-0.6038
0.129
0.17975
0.47978
-0.51614
-0.11614
0.29845
-0.00155
0.29999
0.09999
-0.20217
-0.30391
0.29608
0.48885
-0.11825
0.38293
0.08296
-0.52582
0.17034
-0.22989
0.05981
-0.31369
-0.71369
0.08843
0.29109
-0.40874
-0.18312
-0.13096
-0.63375
0.08055
0.37981
-0.42017
0.18386
0.28386
0.39845
0.19845
-0.40001
-0.40001
-0.00208
-0.50391
-0.10392
-0.11116
0.08166
-0.11622
-0.31622
-0.12548
0.27078
0.27011
-0.04932
0.28637
-0.51363
-0.50841
0.29884
-7.4E-4
0.35866
0.48379
-0.21899
-0.32003
0.07997
-0.32004
0.38387
-0.01614
-0.00155
-0.40155
