-0.24819
0.25181
-0.27647
0.62226
0.30416
0.04772
-0.22833
0.16743
0.26492
-0.21918
-0.41187
-0.08394
0.43481
0.65522
0.67024
-0.00627
-0.26957
0.11372
0.31226
0.08828
0.0536
-0.08346
0.47508
0.35108
0.51354
0.51043
-0.12522
-0.22522
-0.14819
-0.04819
-0.27662
0.52226
0.209
0.47124
-0.00412
-0.0071
0.21209
-0.23413
-0.41475
-0.04242
-0.44551
0.61201
-0.297
0.39649
0.03165
-0.18313
-0.37377
0.11687
0.61938
-0.19455
0.37562
-0.4617
0.14126
-0.00173
-0.42225
0.37775
0.25181
0.45181
0.5361
0.33989
-0.38126
-0.03893
-0.11721
0.38624
0.48112
-0.39541
-0.34383
-0.41152
-0.32325
0.19749
-0.26176
-0.25963
0.23073
-0.08339
0.32835
-0.28144
-0.15418
-0.25211
-0.18954
0.5982
-0.13756
0.47991
0.47795
-0.02205
-0.33544
0.46456
0.37137
0.4605
-0.35626
0.39473
-0.02155
0.30471
-0.00377
0.173
0.11968
-8.0E-4
0.3437
-0.35029
-0.40295
0.37948
0.04364
0.31178
0.44437
-0.05353
0.06546
0.5273
0.54041
-0.22769
0.12257
0.41647
0.18929
-0.31428
0.10964
-0.39036
-0.49362
-0.11224
-0.31035
0.3642
-0.18373
-0.01235
0.4064
-0.20709
0.26479
-0.13985
-0.21929
0.24748
-0.40238
0.51123
-0.30247
-0.36216
-0.58179
-0.08281
0.54772
-0.38824
-0.50193
0.29532
-0.19326
0.39195
-0.37089
0.16809
0.00985
0.20985
0.41593
0.00947
0.30552
0.12672
0.18709
0.53165
-0.32944
0.08315
0.32527
0.1466
0.31106
0.30214
0.00337
-0.21905
0.3928
0.29678
0.27204
-0.35204
0.39916
-0.3964
0.27008
-0.40595
-0.11289
0.36498
0.1213
-0.07723
-0.29006
-0.49006
-0.47898
-0.27561
0.11959
0.53825
0.55713
-0.45946
0.42334
0.39769
-0.42874
0.58507
0.52842
-0.08199
0.37507
0.64203
-0.03607
0.09704
0.09494
0.23694
-0.22492
-0.23356
-0.57717
-0.02361
-0.27656
0.01325
0.10684
0.50542
0.40998
-0.19002
-0.07897
-0.17569
-0.0667
-0.25983
0.26148
-0.0342
0.36183
0.0324
0.29335
0.11332
-0.28384
0.57111
-0.02713
-0.39277
0.10302
-0.15228
0.31415
-0.68021
-0.23563
-0.30379
0.41862
0.16595
-0.18499
0.39364
0.19573
0.49573
0.10998
-0.29002
-0.17905
-0.3757
0.33551
0.42902
-0.2697
-0.07533
-0.47783
0.44627
0.33852
-0.25981
-0.17991
-0.14116
0.42522
0.57794
-0.12632
-0.56589
-0.16102
-0.19388
0.12328
-0.19936
-0.16763
0.37932
0.15776
0.60601
-0.10755
0.29199
-0.19002
0.20998
-0.17905
-0.17572
0.1394
0.11696
0.31028
0.17867
0.50212
-0.11039
-0.54478
0.47142
-0.12106
-0.16899
-0.30875
-0.2562
-0.41638
0.33387
-0.62728
-0.75469
0.28423
0.21094
0.49179
0.1115
0.09537
0.53012
-0.33031
0.1733
0.20998
0.40998
-0.15037
0.2576
-0.15821
-0.41915
0.29056
0.14444
0.45175
0.28496
0.1393
0.45037
-0.01231
0.0152
0.22609
-0.02156
0.44911
0.21123
-0.04776
-0.03617
0.07623
-0.27195
-0.07546
0.48635
-0.36855
0.14406
-0.55087
0.44913
-0.39126
0.10874
0.04929
0.45715
0.11268
-0.33931
-0.42552
-0.38961
0.16298
0.19714
-0.37191
-0.40574
-0.56243
0.35833
-0.59301
-0.33577
-0.25589
0.34955
0.35945
-0.68284
0.10725
0.47503
-0.35349
0.17017
0.27933
0.66204
-0.15087
0.44913
-0.067
0.233
0.44567
0.54962
0.01645
-0.34596
0.07456
-0.21805
-0.18356
-0.0982
0.15013
-0.06732
-0.42545
-0.13533
-0.59011
-0.28303
-0.04778
-0.69958
-0.42813
0.18944
2.0E-5
0.5578
0.4755
0.17264
-0.25145
0.24422
0.07579
-0.12408
0.43301
-0.26699
0.00706
-0.45961
-0.14454
0.07648
0.59593
0.3592
0.0815
-0.09309
0.07637
-0.65662
-0.45493
-0.21876
-0.15938
-0.32137
-0.57093
-0.29479
-0.81482
-0.27065
-0.15946
-0.11725
-0.17476
0.02052
-0.52121
0.30623
-0.20637
-0.40637
-0.16699
-0.06699
-0.0596
-0.32807
0.38847
0.40724
0.25088
0.09688
0.18471
0.21662
-0.1801
-0.03191
-0.38479
-0.29428
0.16278
0.42202
-0.53931
0.34283
-0.59197
-0.37705
0.23441
0.00274
-0.09963
0.24537
-0.24681
0.49646
0.36954
-0.33046
-0.46757
-0.46757
0.04027
0.37193
0.50788
0.53856
0.19898
0.54309
0.13011
0.4933
0.10989
0.10836
0.43724
0.09924
0.01726
0.03081
0.09554
-0.39887
0.16574
0.20761
-0.40514
-0.03295
-0.33348
-0.27044
-0.35343
-0.35297
-0.16907
0.09456
-0.06837
-0.16837
0.14011
0.17314
0.2904
-0.00791
-0.22204
0.32816
0.50574
-0.30867
0.33715
0.33312
0.34724
-0.10997
0.12331
-0.30295
-0.13757
0.01531
0.56386
-0.33494
0.20376
0.55161
-0.38443
-0.4793
-0.16973
0.53163
-0.34246
0.12177
0.39644
-0.50356
0.52577
0.46811
-0.19248
0.48533
0.37173
0.22642
0.18627
-0.35823
0.06711
0.17732
0.0144
0.17465
-0.40501
0.2296
0.18966
0.1315
-0.38504
-0.25824
0.48339
-0.30292
-0.30577
-0.22758
-0.18906
-0.45496
-0.2604
0.11004
-0.19778
0.50222
-0.39437
0.1104
0.24773
-0.05468
0.65879
0.13287
-0.32333
-0.20363
0.30055
-0.12188
0.33866
-0.56517
-0.55455
-0.39312
0.05664
0.32101
0.1927
-0.31307
-0.12862
0.26111
-0.35628
-0.30147
0.14154
0.21996
0.17584
-0.43918
-0.28643
0.41357
0.10528
-0.19659
0.46832
-0.25673
-0.24288
-0.3938
0.29496
0.00461
-0.06986
0.17482
-0.54114
-0.46745
-0.07926
-0.33354
0.42242
-0.04374
-0.55068
-0.11094
-0.14045
0.0439
0.35646
-0.31793
0.47773
0.15942
0.29139
-0.30868
-0.37863
-0.27863
-0.3917
-0.09074
0.57515
-0.35773
-0.14878
0.16016
-0.25697
0.40967
-0.46868
0.02526
-0.59612
0.08614
-0.64294
0.49123
-0.36798
0.34927
-0.37971
0.43468
0.00379
0.61391
0.23079
0.44255
-0.05579
0.13294
0.31945
-0.3797
0.32565
0.22565
0.51349
-0.4734
-0.3245
0.4376
0.64333
0.31365
0.34103
-0.36482
0.29564
-0.30396
-0.24438
0.22112
0.27326
-0.57626
0.40999
-0.41773
-0.65267
-0.1458
-0.15841
-0.05518
0.03955
0.48472
0.509
0.48684
0.1869
-0.11239
0.19799
-0.40201
-0.50198
0.39863
0.43044
-0.38655
-0.2327
0.48255
0.63316
0.39775
0.37706
-0.10027
0.38883
0.35992
0.10894
-0.06184
0.07516
-0.55365
-0.53753
0.31487
-0.13934
0.35618
-0.441
0.12091
-0.1743
0.40343
0.0517
0.36098
0.09789
0.19789
0.39804
-0.00116
-0.36963
0.00837
-0.17493
0.37007
0.14536
-0.24311
0.19829
-0.30874
-0.02068
-0.60601
0.1747
-0.01186
-0.18625
-0.36884
-0.08037
-0.01362
0.45741
-0.23296
0.13783
-0.00785
-0.00581
0.17628
-0.02717
0.57353
-0.40211
0.49789
-0.10873
-0.00927
0.43006
0.50904
-0.32258
0.17815
0.0669
-0.01461
-0.34405
0.14904
-0.47307
0.32901
-0.47099
-0.44817
-0.52528
-0.01447
-0.28451
0.48829
-0.08265
-0.2776
-0.18667
0.37878
0.32633
0.03233
-0.06151
0.23846
-0.20211
0.49789
-0.1946
-0.28721
-0.27081
-0.32768
-0.43471
0.26047
0.46182
0.40689
-0.65096
0.22931
-0.67186
0.14911
0.15241
0.27951
0.08242
0.38242
0.41186
-0.30935
0.51858
-0.38038
-0.10427
0.16437
-0.32336
-0.29978
-0.26151
0.13846
-0.40201
0.39799
0.20725
0.51643
0.12689
0.07753
0.38504
0.17893
-0.21341
-0.10819
-0.07898
-0.37634
-0.3694
-0.3484
-0.54373
-0.40123
0.02338
-0.4771
0.12958
-0.01803
0.4212
0.43924
0.51693
-0.40996
-0.30862
0.05014
-0.16149
0.53848
-0.10172
0.49828
-0.39373
0.0162
0.51874
-0.37332
0.14994
-0.17687
-0.06967
-0.11597
0.11514
0.22152
-0.16774
-0.24573
-0.04117
-0.07197
0.5912
0.2901
0.47229
-0.23533
0.10963
0.68414
-0.0228
0.2723
0.33418
-0.15459
-0.26141
0.33856
