0.40112
0.00112
-0.49881
-0.39881
-0.49873
0.40182
0.3012
-0.2988
0.1012
0.20119
0.20119
-0.49841
0.50191
0.01412
-0.11784
-0.21793
0.282
-0.21848
0.07768
0.24947
-0.29875
0.30125
-0.39871
-0.09891
0.00185
-0.09786
0.20218
0.30218
-0.29888
0.20112
-0.09881
-0.39881
0.10127
-0.19818
0.3012
-0.39879
0.30121
-0.4988
0.40161
0.50963
0.24793
0.1772
0.58217
-0.31793
-0.01803
0.38153
0.47768
0.54617
0.10127
0.30127
-0.29818
-0.3982
0.00202
-0.09786
0.00218
0.30218
-0.29888
-0.29888
0.50119
0.10119
-0.49873
0.50182
0.3012
0.40686
-0.39143
0.10226
0.00281
0.01381
0.04906
-0.21791
-0.41776
-0.11777
0.28195
0.08153
0.57769
0.04352
0.50127
-0.29873
0.40213
0.20224
0.40215
0.10215
-0.19782
0.30218
0.20112
0.10112
-0.19884
0.00116
0.10123
-0.19861
0.20159
0.21007
-0.0853
0.01468
0.51525
0.41524
0.1445
-0.41858
0.18166
0.18209
-0.21841
0.18103
-0.12334
-0.23804
0.55294
-0.09831
-0.39799
0.30192
0.00183
0.50183
-0.19818
0.00185
-0.39888
-0.09888
0.20112
-0.39888
-0.09888
-0.19337
0.41215
-0.38682
-0.1859
-0.08593
0.21355
-0.44604
0.16853
-0.41947
0.1149
0.54341
-0.2555
-0.48473
-0.23206
-0.03241
-0.33281
-0.39841
-0.29845
-0.39851
0.40151
0.10154
-0.49869
0.10115
-0.49888
-0.49888
-0.19888
0.40112
-0.09888
0.40686
0.21339
-0.18661
0.3136
-0.28925
0.40891
0.26445
0.47579
-0.02047
0.11458
-0.18456
-0.28457
0.31541
0.16463
0.16804
-0.1326
-0.49831
0.00158
0.40147
-0.29851
-0.49848
0.10113
-0.49887
-0.19888
0.40112
0.20112
0.40112
0.40113
-0.19327
0.31296
-0.18705
-0.18705
0.20587
0.30068
0.55402
-0.43372
0.47866
0.41411
-0.48467
-0.38447
-0.38461
-0.13417
0.36893
-0.33224
0.43804
0.00159
-0.1985
0.10138
0.10133
0.50113
0.20113
0.00112
0.40112
0.50112
-0.19888
0.20112
0.50081
0.30002
-0.29999
0.19996
-0.19928
-0.46748
0.25938
-0.14564
-0.45119
0.21411
-0.28464
-0.18439
-0.38351
-0.15599
0.45119
0.16772
-0.03226
0.53403
-0.49847
0.50115
0.50115
0.20113
0.20113
-0.09888
-0.19888
-0.39888
0.10112
0.50112
-0.3992
0.20002
-0.50005
-0.50009
-0.39918
0.26704
0.56672
-0.35893
-0.0877
-0.48587
0.01538
0.11563
0.2166
0.01201
0.032
-0.03229
0.06774
0.03072
-0.39848
0.30129
-0.09886
0.10113
0.40113
-0.09888
-0.29888
0.00112
-0.29888
0.30112
0.3008
0.10002
0.49995
0.30001
0.1009
-0.13308
0.46657
0.44306
0.0123
-0.18587
-0.18468
0.01556
0.31666
0.01225
0.0344
0.36761
0.16759
0.14119
0.20141
0.40129
0.10113
-0.39887
0.30113
0.40112
-0.29888
0.5011
-0.1989
0.20111
-0.29924
-8.0E-5
0.10044
-0.09919
-0.27264
-0.43368
0.25431
-0.1629
0.5123
0.21431
-0.08395
-0.08368
0.417
0.1121
0.23136
-0.24796
-0.43332
0.06729
0.35544
0.40113
0.00113
0.50113
0.20113
0.20112
0.40112
-0.1989
0.1011
-0.39887
0.20096
0.10015
0.20187
-0.35466
0.16837
-0.33234
-0.29855
0.00145
0.21461
0.51669
0.41747
0.11777
-0.48158
-0.48643
0.40301
-0.49841
-0.13338
0.06731
-0.34323
-0.29886
0.40114
-0.29887
0.00113
-0.3989
-0.1989
0.5011
0.4011
0.40103
0.10129
-0.19947
0.40334
0.34683
0.16986
0.56915
0.10294
-0.49694
-0.15573
0.44744
-0.45156
-0.45129
0.54848
-0.45748
0.30487
0.00297
0.06631
0.26714
0.16736
-0.23264
0.5283
-0.19886
-0.19886
-0.1989
0.2011
-0.49898
0.40114
-0.0988
0.40134
0.10062
-0.43084
0.46987
0.16986
0.46915
0.56915
0.26926
0.48268
-0.31547
0.08551
0.38571
0.38484
0.58034
0.07146
0.56949
0.46629
-0.23286
0.06736
0.06736
0.20115
-0.09885
-0.09885
-0.3989
0.3011
0.001
0.10111
0.10118
-0.19872
0.40098
0.56992
0.26986
-0.43079
-0.23079
0.47034
0.07049
-0.0169
-0.41513
0.58436
-0.01575
-0.01579
0.18037
0.27111
0.06895
-0.43373
0.06709
0.16741
0.56741
0.0012
-0.3988
0.0012
0.5011
-0.4989
0.301
-0.49889
-0.09882
-0.39895
0.20072
0.06826
-0.1318
0.37055
-0.1284
0.1779
-0.42095
-0.40834
0.29343
0.49293
-0.30719
-0.20724
-0.11107
0.57967
0.27811
-0.12317
-0.32269
0.37763
-0.22237
0.47366
-0.24422
0.31142
0.0011
-0.3989
0.401
-0.29889
0.20118
-0.46537
-0.34314
-0.23302
-0.43307
0.41732
-0.10937
-0.17036
0.03333
-0.25424
-0.35245
0.00517
-0.03941
0.26055
-0.04353
-0.05282
0.34598
0.21402
-0.33867
0.08085
0.58085
0.48085
-0.34166
-0.18536
-0.29889
0.00111
-0.39894
0.00114
-0.49883
0.03459
0.06698
0.26697
0.46697
0.4176
-0.20071
0.60897
0.21074
-0.27804
0.22361
-0.086
-0.39668
0.60168
-0.12638
-0.1846
-0.48578
-0.08599
0.56073
-0.0192
0.38075
0.38083
-0.34435
0.5146
-0.29888
-0.49888
0.20112
0.50112
0.50114
0.03087
-0.23119
-0.4312
0.54231
-0.43831
-0.0999
0.10879
0.51057
0.42284
0.52361
0.12425
0.5242
0.12191
-0.1165
-0.3846
0.51504
0.3148
0.11529
-0.45337
-0.41829
-0.01829
0.17375
0.36184
0.20112
0.40112
-0.29888
-0.09888
-0.06244
0.25344
-0.03081
0.36918
-0.06645
-0.13839
-0.20051
-0.19356
-0.39249
0.41974
0.22042
0.12084
0.42068
-0.28131
0.28112
-0.08782
0.11212
-0.48802
0.51256
0.41249
-0.22131
0.07869
0.57868
-0.32132
-0.39888
0.10112
0.00112
-0.19888
-0.14324
0.16801
0.56919
-0.13081
-0.16176
0.56172
-0.40358
-0.00265
0.49726
0.10945
0.61021
0.08683
0.16202
-0.43858
0.04542
0.30197
0.40191
-0.29808
0.2027
0.10226
-0.43154
0.46846
0.26846
-0.23154
0.00112
0.30112
0.10112
-0.4986
0.44289
-0.25049
0.62226
-0.26216
0.62159
-0.25375
-0.23119
0.66983
-0.03543
0.35908
-0.34017
0.62652
0.47909
0.47903
-0.146
0.40159
-0.29842
0.00157
-0.39767
-0.47159
0.54959
-0.45041
0.14959
0.14959
0.40112
0.00112
-0.29888
0.20112
0.20183
-0.19816
0.17204
-0.11096
0.1882
0.39664
2.6E-4
0.50026
-0.28013
0.0431
-0.15617
0.32769
0.28546
-0.01454
0.07168
-0.45968
0.44028
0.5351
0.10146
0.50112
0.40112
0.50112
-0.09888
-0.49888
-0.39888
0.00112
0.00112
-0.39888
-0.29817
0.10711
-0.42231
0.49536
0.29436
0.60287
-0.19312
0.20596
-0.05671
-0.32252
-0.12195
-0.3535
-0.00966
0.09035
0.08386
0.26548
0.56552
0.06022
-0.49193
-0.49228
-0.19227
-0.49227
0.30117
-0.29883
0.20112
0.00112
-0.29888
0.00112
0.30183
-0.49186
0.58339
-0.39862
-0.09931
-0.2908
0.11321
0.11321
-0.24918
0.27806
0.07806
-0.15525
-0.10965
0.59035
-0.11331
0.5778
-0.22174
0.0662
0.21446
-0.48523
0.41406
-0.18594
0.10121
-0.09879
0.50112
-0.49888
-0.49854
-0.29828
0.50183
-0.49218
0.28256
0.60069
0.40069
0.4092
0.61321
-0.18679
-0.24918
0.67806
-0.22194
0.34651
-0.30965
-0.10965
0.58693
0.1778
-0.02172
0.46685
-0.18555
0.11477
0.11406
0.41406
0.40121
0.30121
0.30112
0.20112
0.1015
-0.29829
0.00141
0.20752
-0.41652
0.60069
-0.39931
0.10957
-0.38679
-0.18679
0.4337
0.44472
0.44472
-0.37142
0.08559
0.08559
0.27563
0.45314
-0.04636
0.24866
0.01445
-0.38523
0.31406
-0.08594
0.50121
0.50121
-0.09888
-0.19888
0.00148
-0.29845
0.10071
-0.19299
-0.21474
0.60068
-0.19932
0.00994
0.2132
-0.18679
-0.19112
0.09032
0.49032
-0.41492
-0.32217
0.47782
-0.14296
0.41294
-0.48655
0.01365
0.51445
-0.48523
-0.28594
0.41406
-0.09879
0.00121
