-0.50946
-0.30946
0.17818
-0.42181
-0.05213
-0.38599
-0.23689
-0.138
-0.33889
0.28244
0.2127
-0.17537
0.38252
-0.482
0.32443
-0.48235
0.46973
-0.54693
0.48036
-0.3395
0.11107
0.45261
-0.14173
0.18906
0.20986
-0.247
0.38175
-0.01825
-0.40946
-0.30946
0.37818
0.17819
-0.15261
-0.31186
0.02408
0.31664
0.21867
-0.36816
0.30866
-0.1521
-0.40382
0.0055
-0.17687
0.22211
-0.32769
0.44688
-0.44699
0.10469
-0.26976
0.4481
-0.2583
0.4316
-0.35836
0.44774
-0.01728
0.38272
-0.30946
0.09054
0.36334
-0.24293
-0.07682
0.18523
-0.38073
-0.0604
-0.04342
0.30492
0.05131
0.09076
0.5609
0.52313
0.39875
0.29572
-0.32883
0.14216
0.44134
-0.41296
-0.49581
0.11848
-0.07317
0.01314
-0.32196
-0.40418
-0.31724
0.08276
0.17545
0.37545
-0.23738
0.4598
-0.58244
-0.51457
-0.04241
-0.41441
-0.51485
0.31236
-0.19498
-0.18334
-0.2157
0.55152
0.19904
0.18623
0.38124
-0.22514
-0.08811
-0.40075
-0.72346
0.07974
-0.61337
0.48967
-0.25591
0.5864
-0.40938
-0.22261
0.30386
0.40386
-0.23358
-0.33849
0.23802
-0.48951
0.57957
-0.38059
-0.34918
-0.06717
-0.14403
-0.51995
-0.48406
-0.43205
0.12208
-0.33608
0.28862
0.4654
0.03894
-0.16237
-0.35349
-0.66932
-0.53008
-0.0035
0.53466
0.26576
0.49132
0.65106
0.20382
-0.29618
0.48529
-0.01697
0.06313
-0.30962
0.16325
-0.33658
0.36913
0.13394
-0.27861
-0.41534
0.38465
0.38355
-0.35543
-0.11074
0.40841
0.39913
-0.20967
0.31442
-0.5469
0.16493
0.48268
0.39485
-0.06768
0.36342
0.32831
0.31675
0.30379
-0.19621
0.4028
0.50268
-0.11362
-0.47687
0.10183
-0.41095
0.28505
0.39445
0.57225
-0.23337
0.32329
-0.62465
-0.40472
-0.65197
-0.12109
-0.01448
0.03508
-0.54288
-0.03247
-0.13926
-0.09529
0.01056
-0.39739
-0.08677
-0.09594
0.1948
0.50162
0.30162
-0.49794
-0.49732
0.28685
0.39995
0.49113
0.03285
0.07147
-0.31196
-0.21078
0.34819
0.12843
-0.26684
-0.2051
0.15755
0.18648
0.17777
-0.06391
0.0926
0.06309
0.12914
0.238
0.23546
0.5963
-0.08031
0.22909
-0.37091
-0.10111
0.09889
0.10022
0.20088
0.09113
0.03956
0.20869
0.07613
0.21911
0.39437
0.57922
0.23369
-0.31862
-0.05521
0.17105
0.35619
-0.32176
0.21204
-0.11975
-0.52001
0.00931
0.35387
0.01079
0.67962
-0.34837
0.21537
-0.30653
-0.51013
-0.50111
-0.00111
-0.30207
0.09781
-0.41762
0.22891
-0.40252
0.00728
0.1082
0.48819
-0.42252
0.49682
-0.27885
0.37917
-0.39551
0.1414
-0.16494
0.17178
0.34153
0.62883
0.2824
0.04375
-0.41027
0.19274
0.04354
-0.12596
0.16816
-0.03361
0.09889
-0.00111
-0.00209
0.39778
-0.53623
0.07779
-0.44606
-0.01331
0.2967
-0.07078
0.38411
0.20526
-0.47919
0.08244
0.01133
-0.28971
0.01116
-0.33052
0.30062
0.22869
-0.09499
0.52746
0.05966
-0.03503
0.40412
-0.17235
0.27712
0.37532
0.39899
0.29899
0.09988
-0.20017
-0.03775
0.34209
0.19374
-0.70424
0.04247
-0.0226
-0.12661
0.02023
-0.4566
0.31138
0.18142
0.25568
-0.59276
0.168
0.62169
-0.22747
0.40111
-0.12905
0.02686
0.13373
0.17022
-0.17245
-0.32046
-0.32046
-3.9E-4
-3.9E-4
-0.29817
0.10269
-0.33803
0.29617
0.26271
-0.01966
0.41388
0.1802
0.30946
-0.37896
0.28689
-0.44879
0.053
-0.31374
0.28835
0.05495
0.33941
0.00627
0.62215
0.26839
-0.01101
-0.40622
0.24272
-0.47342
0.24752
-0.55248
0.50448
0.50448
-0.49646
-0.11405
0.23476
0.27964
0.21538
-0.41029
-0.59926
0.02079
0.54497
0.27598
-0.4917
-0.32524
-0.39665
-0.02038
-0.40578
-0.33356
0.24254
-0.0723
-0.29533
-0.35102
-0.03021
-0.6586
0.11628
0.37587
-0.2432
0.0568
0.10448
-0.49552
-0.09649
0.387
-0.06803
0.16053
-0.35666
-0.62845
0.27215
-0.63658
-0.32763
0.13948
-0.14561
-0.08415
0.10972
-0.02106
7.3E-4
-0.33926
-0.0842
0.4013
-0.14523
0.06361
0.11806
-0.60883
-0.41163
0.34786
-0.67115
-0.67115
0.00462
0.10462
-0.19645
-0.013
0.41891
-0.33392
0.07338
0.06233
0.471
-0.37452
0.07553
-0.24099
0.44551
0.36566
-0.389
-0.16146
-0.16873
0.0452
-0.1477
-0.28409
-0.19647
-0.50437
-0.58976
0.10201
-0.593
0.02844
-0.71969
-0.3949
-0.29516
0.40484
0.0036
-0.41387
-0.2597
0.28104
0.37502
0.51962
0.43536
-0.53906
0.1745
-0.0553
-0.44753
0.0734
0.369
-0.14649
0.25978
-0.18428
0.30793
0.05426
-0.55567
-0.32147
-0.12111
-0.68883
-0.1591
-0.45935
-0.62778
0.19661
-0.29491
0.00509
-0.21188
0.06607
0.32322
-0.0607
0.10864
-0.14666
0.54186
-0.09852
-0.02252
-0.25437
0.40307
0.52324
-0.26054
0.45464
-0.51018
0.03875
-0.22061
0.11144
-0.13182
0.07267
0.338
-0.14262
-0.09531
-0.24276
0.05718
0.48047
0.28469
-0.21531
-0.02246
-0.55855
-0.42469
0.33994
0.00539
-0.08676
-0.30308
0.30435
-0.42721
0.40705
0.29447
-0.26831
-0.36994
0.46191
-0.3298
-0.2538
-0.29674
0.18555
-0.57871
-0.1043
-0.55048
0.03324
0.33773
-0.64494
0.15734
-0.25155
-0.12666
-0.52666
-0.42627
0.44104
-0.45812
-0.56004
0.22734
-0.32315
-0.23258
-0.42139
0.37258
0.09671
0.08864
-0.15266
0.35121
-0.36443
-0.17902
0.05617
0.40001
0.40086
0.45789
0.06166
0.11406
0.16259
0.38853
0.25701
-0.61602
0.20561
0.27093
0.37093
-0.02731
0.34041
0.04
-0.16015
0.11077
0.49391
0.09509
0.20199
-0.52454
0.43239
0.43252
0.5742
-0.22093
0.06649
-0.02352
-0.21766
-0.2573
-0.15015
0.02672
-0.32977
-0.32959
-0.03973
0.4912
0.56051
0.04492
-0.3929
-0.52104
-0.22104
-0.32182
-0.53611
-0.12175
-0.29047
0.14429
-0.18109
-0.36608
-0.37208
-0.47712
-0.49287
0.1478
0.1669
-0.38414
-0.07008
-0.26319
0.23119
0.35324
-0.48982
4.8E-4
-0.41518
0.52873
-0.42896
-0.42339
-0.22486
0.34867
-0.38512
-0.30253
0.29747
0.29786
-0.43255
-0.29321
-0.17935
0.30113
0.47094
0.41263
-0.0582
0.22419
-0.31724
0.22573
-0.4194
0.3336
0.40404
-0.20998
0.05086
-0.28324
0.15773
-0.07055
-0.1525
0.23748
0.56032
-0.28445
-0.00176
-0.22753
-0.15907
-0.40332
0.49668
0.09757
0.1683
-0.20154
-0.48719
0.50848
-0.33466
-0.07688
-0.13214
-0.35525
0.26247
0.18569
0.18661
0.52268
-0.39175
0.09263
0.52894
0.12514
0.36537
-0.38531
-0.071
-0.05776
-0.02597
-0.38263
0.20535
-0.02462
0.33823
-0.50332
-0.30332
0.07231
0.33945
0.0864
-0.40226
-0.32383
-0.28472
-0.22145
-0.02573
0.17669
-0.20845
0.41036
-0.28652
0.01345
0.1157
-0.392
0.34371
-0.35412
-0.15253
0.09036
-0.29336
0.0025
0.57892
-0.08718
0.30961
0.04813
-0.54527
-0.00332
-0.30332
0.1959
0.53504
0.08582
0.0425
0.14857
-0.39342
0.082
-0.2508
0.39155
0.60306
-0.28964
-0.2866
0.00972
0.13841
-0.35872
-0.35872
-0.15335
0.25561
0.09174
0.60701
-0.19686
0.38345
-0.48327
0.21413
0.24813
0.15473
0.29753
-0.40247
-0.3001
0.15701
-0.10796
-0.45741
0.44818
0.20401
0.08236
-0.23767
0.09022
0.40337
-0.28745
0.21568
0.11113
0.04273
-0.35082
0.54867
-0.14884
-0.44063
0.08976
0.00526
0.48861
-0.03139
0.3049
-0.29894
0.44808
0.25468
-0.2
0.2
-0.19906
0.55887
0.09318
-0.05699
0.33708
0.37805
0.06473
0.21017
0.26134
0.19788
0.11454
0.01788
0.31331
0.35008
-0.33451
-0.43437
-0.33572
0.15692
-0.11601
4.0E-5
-0.34078
0.3333
-0.3974
-0.31855
-0.15213
0.25447
