-0.4
0.1
0.0
0.5
0.08881
-0.23684
-0.53694
0.06306
0.26306
-0.02322
0.09104
0.02594
-0.31797
0.33969
-0.36573
-0.56833
-0.34148
0.22693
0.22694
0.42718
0.04986
-0.12521
-0.12356
0.28163
-0.41194
0.16306
-0.03683
-0.03683
0.3
0.2
-0.1
-0.2
0.48881
-0.53684
-0.53699
0.06297
-0.33701
-0.5541
-0.20888
-0.04455
-0.26468
0.33198
-0.56819
-0.26833
0.16261
0.32692
-0.57307
0.12716
0.03158
-0.26704
0.43415
0.12015
-0.04944
0.46065
-0.33683
0.16317
0.5
0.1
0.0
-0.3
0.18881
-0.23684
-0.037
-0.16155
-0.57798
0.3269
0.14797
-0.36756
-0.66816
-0.06833
0.32585
0.32561
-0.33434
-0.07308
-0.17308
-0.37286
0.12971
0.21798
0.00703
0.40972
-0.48297
-0.37855
0.26317
-0.33683
0.3
0.4
-0.1
0.2
-0.51126
0.35676
0.44817
-0.56768
0.11976
-0.46256
0.3744
-0.35259
0.34197
-0.1397
-0.0426
-0.54644
-0.59624
0.17086
0.26864
-0.14513
0.24472
0.0352
-0.39123
-0.18602
-0.3818
0.12104
0.2673
0.1673
-0.2
-0.1
-0.3
0.1
0.08875
-0.33882
0.25291
-0.06178
0.03239
-0.25396
-0.11743
0.07596
-0.02777
-0.61526
-0.01275
0.08089
-0.20445
-0.08282
-0.10287
-0.20818
0.35907
-0.06641
-0.37954
-0.27988
0.32415
0.12696
0.25488
0.15582
-0.5
0.4
0.19996
-0.30004
-0.41127
-0.53993
0.24765
0.44616
-0.55537
0.41552
-0.32664
-0.29369
-0.57998
0.01891
-0.0677
-0.30491
-0.01335
-0.49804
-0.01393
-0.22634
0.45244
-0.06355
-0.47787
0.12013
-0.27583
-0.27303
0.04881
0.04881
0.1
-0.3
0.29992
-0.2001
0.2887
-0.24006
0.14717
0.44653
0.34606
-0.23412
-0.52656
-0.56204
-0.2141
-0.41087
-0.10235
-0.48674
0.38671
-0.09696
0.1858
0.06395
-0.14991
0.43631
0.32884
0.03215
0.02742
-0.17304
0.04874
-0.45126
-0.2
-0.1
0.39992
0.4999
0.3887
0.36026
-0.15399
-0.35399
-0.35396
-0.42242
-0.41688
-0.46613
0.19061
0.19585
-0.40235
0.31047
0.28496
-0.40926
-0.32255
0.36229
-0.24166
-0.45356
0.24722
0.34689
-0.27005
-0.37304
-0.45126
-0.05126
-0.2
0.5
0.49992
0.1999
0.2887
-0.03915
-0.35396
-0.05393
0.44612
-0.02592
-0.41749
-0.26946
-0.50182
-0.50151
-0.40393
0.20752
0.27173
0.16483
-0.09537
-0.5474
0.27176
0.26154
-0.33571
-0.55048
0.12856
0.42544
-0.15126
-0.35126
-0.2
0.3
-0.50008
-0.2001
-0.1113
-0.33911
-0.25394
0.34612
-0.3573
-0.22939
0.10065
-0.36
0.49699
-0.10271
0.49494
-0.0951
0.06724
-0.14403
-0.04289
0.44757
-0.13497
0.1615
0.16329
0.0474
0.43169
0.33044
0.34745
0.14769
-0.1
-0.3
0.09993
0.4999
0.1887
-0.43911
-0.15394
0.38824
-0.16661
-0.03147
-0.21325
-0.10989
0.39709
0.09771
-0.10464
-0.42976
0.11049
-0.43801
-0.53379
0.06814
-0.33455
0.46193
0.06614
-0.44816
0.44906
0.04607
-0.25386
0.44614
0.5
0.5
0.19993
-0.3001
-0.2113
-0.33922
-0.55405
-0.00641
0.2339
-0.32714
0.18923
-0.11014
-0.20319
-0.50089
-0.03123
-0.44008
-0.50023
-0.1359
-0.62707
-0.23033
-0.43283
0.26398
0.27641
-0.43082
-0.15095
-0.55404
0.34614
-0.05386
-0.2
0.4
0.19993
0.1999
0.4887
0.1553
0.43911
-0.60334
0.23382
0.37237
-0.31127
0.19114
-0.41872
0.07049
-0.33186
0.03841
-0.31459
0.16347
-0.22771
-0.27882
-0.43274
0.06529
0.4763
-0.32869
-0.5507
-0.45415
0.44603
0.04603
0.0
0.0
0.39993
-0.40449
-0.31814
-0.04637
-0.36089
-0.1547
0.3398
-0.52545
-0.01022
0.09898
-0.5169
-0.04958
0.24699
-0.55066
-0.39205
-0.33595
-0.2271
0.36751
-0.57075
-0.51418
-0.31267
-0.22874
-0.45068
-0.45397
0.34603
0.24603
0.0
-0.4
-0.40007
-0.00421
0.48186
-0.04637
0.06866
-0.669
0.13864
0.2546
-0.44506
0.24563
-0.45763
-0.55764
-0.23199
0.25916
0.15916
0.0591
-0.32784
0.18758
0.18881
-0.21432
-0.51441
-0.53561
0.34261
0.03909
0.03909
0.33909
0.1
0.3
0.49993
-0.40421
0.48186
-0.04685
0.17086
-0.06729
0.14006
-0.0821
0.31335
-0.36647
0.14244
-0.35757
-0.33192
0.25919
0.26266
-0.41911
-0.51235
0.18765
0.01121
0.13328
0.26876
-0.35848
0.23565
-0.46259
0.03751
-0.56225
-0.3
-0.2
0.09993
0.19559
-0.31814
0.45287
-0.63182
0.03383
0.33796
-0.10572
-0.26159
-0.44165
-0.13164
-0.01487
-0.31616
-0.09
0.23955
0.13854
-0.41284
0.28722
0.28617
-0.09041
-0.03307
-0.36287
0.23404
-0.36317
-0.56304
-0.26281
-0.3
-0.2
0.19993
0.49683
0.18498
-0.02695
-0.43918
-0.16699
0.01636
0.08871
-0.11672
0.11268
0.21357
0.05576
0.35341
-0.05171
0.15305
0.05376
-0.0281
-0.11228
-0.02628
0.19518
-0.33777
-0.25641
0.14081
0.04046
-0.43645
0.46364
-0.4
0.4
-0.50007
0.09704
0.28314
0.06297
0.14553
-0.67309
-0.08667
0.0884
0.07992
0.30449
0.00444
0.21537
0.31536
-0.3958
-0.39567
-0.49568
-0.07624
-0.05443
0.34181
-0.52749
0.44089
-0.37568
0.01863
-0.28086
-0.4557
-0.3509
-0.5
0.3
-0.40007
0.39704
0.18158
-0.13986
0.23838
-0.16266
-0.17277
-0.59781
-0.30907
-0.39659
-0.4967
-0.4967
0.10332
-0.30552
-0.10552
-0.7055
-0.38686
-0.06545
-0.56707
0.35436
-0.10621
0.32057
-0.27715
0.12629
-0.0601
-0.55811
0.0
0.2
-0.40008
0.09711
-0.51848
-0.13932
0.3384
0.14148
-0.34718
0.32773
0.01411
-0.08276
0.11799
-0.69432
-0.39533
0.10394
-0.58607
0.21402
0.32545
-0.46413
-0.65981
-0.15315
0.35335
0.03063
-0.36872
-0.45947
-0.5594
0.34066
0.4
-0.1
-8.0E-5
0.45627
-0.5093
-0.03949
-0.34398
-0.2114
0.27758
-0.35427
-0.56352
-0.56353
-0.60897
-0.15088
0.34809
-0.34339
0.28282
-0.01718
-0.38836
0.16118
0.35811
0.37064
0.07958
-0.53879
-0.04397
0.35523
0.45531
-0.04464
0.0
-0.4
0.39996
-0.30283
-0.40905
-0.10911
-0.40217
-0.57457
-0.30006
-0.01079
-0.21519
-0.11513
-0.45699
-0.48488
-0.28484
0.31791
0.02133
-0.57868
0.1321
-0.63748
0.35534
-0.33916
0.40584
0.39977
0.39469
-0.20701
-0.00691
-0.10686
-0.4
-0.4
-0.5
-0.20279
-0.00903
0.19089
0.31009
-0.56336
-0.20009
-0.21005
0.18523
0.08527
0.14486
-0.28436
-0.38435
0.21551
0.21541
0.21542
0.21941
-0.44745
-0.66485
0.24059
0.2048
-2.4E-4
0.39468
-0.50702
-0.10691
-0.50685
-0.3
0.5
0.4
-0.40279
0.09097
0.39085
0.09987
0.39994
0.19996
-0.21006
-0.5148
-0.3148
-0.55521
0.3155
0.2155
-0.28461
0.21529
0.11529
-0.58041
0.43009
0.06373
-0.0587
0.09771
0.39769
0.29464
0.09296
-0.10696
-0.30696
-0.3
0.0
-0.55003
0.31138
0.29101
0.19096
-0.445
0.19994
-0.50004
-0.11006
-0.4148
0.2852
0.34479
0.1155
-0.18451
0.41537
0.01522
-0.58478
0.41922
0.13009
-0.43933
-0.3594
-0.10225
-0.10227
0.39475
0.19304
-0.30696
-0.50696
0.5
0.2
0.04384
-0.20497
-0.209
0.29096
-0.45009
0.29999
-0.39998
0.38951
-0.41477
-0.1148
0.04334
-0.18458
0.11541
-0.38209
-0.47916
-0.47916
-0.16827
-0.34336
-0.11585
-0.4399
-0.10223
-0.20224
0.19509
-0.30669
0.39304
0.39304
0.1
0.4
-0.55412
-0.50497
-0.109
-0.10904
0.14485
-0.09994
-0.49989
-0.41087
-0.01476
0.38514
0.1397
0.41527
0.01526
-0.07854
-0.36995
-0.36994
0.45246
-9.0E-5
-0.57458
0.29786
0.29786
0.19781
-0.30014
0.2968
0.29304
0.39304
