-0.32175
-0.3233
-0.12545
0.16381
0.11453
0.55033
0.36998
0.19633
-0.23698
-0.1351
-0.17851
-0.14372
0.04185
0.44131
-0.91613
-4.3792
3.23968
2.97246
1.79887
2.63907
2.06455
-0.15447
-3.04329
-3.33196
-1.05057
-1.26349
-0.08888
0.7132
0.51293
0.29835
0.0647
0.37487
0.0804
-0.32119
-0.42392
0.26482
-0.39225
0.34124
0.1762
0.30946
0.70803
0.29959
-0.26909
-1.99878
-1.86953
-1.99064
0.10676
1.1162
2.62441
2.49733
1.00973
0.33212
0.33398
-0.06367
-2.6946
-4.86233
-2.95997
-3.11827
-2.27036
-2.00718
-0.7742
-0.02518
0.20509
0.02067
-0.31855
0.57985
0.07488
0.55733
0.63529
0.29204
0.21153
1.32111
-0.38943
-0.96826
-1.61192
-2.16677
-2.00472
-3.715
0.22099
2.04106
1.45617
1.4089
0.30113
0.92622
-0.27791
0.22934
-3.27217
-5.67177
-4.19101
-3.52742
-3.11535
-1.61304
-0.42384
-0.66189
-0.22838
0.87699
-0.42072
-0.02231
-0.42811
0.34964
0.24936
-0.25334
0.09778
0.80173
-0.7007
-1.22086
-1.09312
-0.31668
-0.63604
-2.8845
-0.22317
3.29418
3.61864
1.38164
1.93136
2.86276
3.2355
2.98091
0.3723
-0.21948
-3.66627
-2.9899
-2.65009
-2.61872
-2.35909
-2.27236
0.10227
1.21539
-0.22078
0.3792
0.27598
-0.14847
-0.16011
0.42537
0.71228
0.94951
0.24402
0.49146
0.4839
-0.60086
-0.1383
2.33081
2.64725
2.61618
-1.79384
-1.41507
-0.31329
-0.25309
0.72205
4.24222
2.93347
2.64639
-3.54951
-3.17091
-1.6363
-1.07361
-2.91115
-2.54036
0.17361
0.70463
0.00383
-0.09409
0.17831
0.35959
-0.37109
0.10542
0.46425
0.19249
-0.146
0.35203
0.32124
-1.31472
-1.0819
2.87352
3.21907
2.06391
-2.55275
-3.08865
-2.08612
-2.32111
0.07589
4.39813
3.90287
3.14734
-3.68054
-3.91001
-2.05932
-1.62056
-2.50646
-1.82897
-0.78675
-0.79005
0.45717
0.45911
0.30177
-0.24342
0.47231
0.53832
-0.24663
0.46944
0.17731
-0.02794
0.6711
-1.08477
-1.36776
3.01438
3.27316
2.7032
-2.67682
-2.36365
-0.0457
-1.18638
-0.19862
4.36451
3.79939
3.27878
-0.3318
-1.70951
-2.06876
-1.28751
-1.78235
-2.55607
-0.11526
-0.61849
-0.11809
0.48367
-0.30333
0.55076
0.06535
-0.14242
0.43243
0.11904
0.40578
0.71508
-0.05054
0.61581
1.01606
3.16774
1.98763
-0.71403
-1.40156
-2.15712
1.11977
-0.04956
0.83366
1.12824
1.77018
2.08335
1.92472
-0.88552
-3.28304
-0.67661
0.61035
-0.54165
-0.28696
-0.39151
0.73289
0.0342
0.59311
-0.05194
0.17025
-0.42581
-0.33647
-0.06325
1.16152
-0.09439
-1.32111
1.88548
2.62526
2.44411
0.00443
-3.24016
-2.41913
-2.39125
-0.37696
-0.51933
-0.33865
-3.14524
-0.535
2.0319
1.72646
-1.18432
-2.12473
-0.59257
0.6559
-0.31737
-0.86414
-1.07004
0.68735
-0.21131
0.49558
0.45032
0.38768
0.18547
0.45296
0.6352
1.22504
0.50941
-2.08382
1.00769
2.35303
2.40901
0.0704
-3.72605
-2.52381
-2.13108
-0.68635
-0.99006
-1.72977
-2.76043
-0.44274
1.8775
1.80221
0.60492
1.13237
-0.08569
-0.18367
-0.9117
-0.55637
-0.56304
0.58524
0.38661
-0.30451
0.25082
0.52547
0.16971
-0.02373
0.62289
-0.09212
0.52929
-0.0311
1.20318
2.667
0.16671
-0.3743
-2.84374
-2.0436
-2.0216
-1.05463
-1.25264
-1.69185
-2.47915
-0.95372
-0.20963
1.78804
1.39686
4.07677
0.36629
-0.53463
0.18262
-1.41249
-1.0582
0.27156
0.05935
-0.63385
-0.07922
-0.10022
-0.81254
-0.86563
-0.52927
-1.78622
0.99332
3.87664
2.95104
1.97347
-3.15655
-1.07802
-2.82058
-1.85864
-1.8729
-0.76521
0.01624
-1.02158
-1.25245
-3.30333
-4.07563
1.60895
1.97387
2.70341
0.08764
1.38085
-0.44485
-1.19936
-0.21933
1.16642
-0.64493
-0.85437
-0.89909
-0.80441
-0.64745
-2.42848
-1.81981
-2.68895
-0.49117
4.09552
3.42067
2.96802
-1.06562
0.80458
-0.30517
-0.35533
-0.95123
1.82981
1.79662
2.0138
0.35754
-1.51811
-2.18244
2.12637
1.74856
2.58551
3.41547
2.11729
-2.26163
-1.30258
0.06305
0.48779
-0.52306
-1.08637
-0.72703
-1.79794
-1.48868
-2.4118
-2.4116
2.60635
3.32136
4.56781
4.06421
3.70358
4.15161
3.602
3.04029
3.15666
2.82496
3.78999
4.33867
4.18991
3.82427
3.22684
2.53742
2.43156
1.35155
2.48082
2.87525
2.03934
-3.67204
-3.26113
-2.45009
0.99843
-0.12828
-1.46263
-1.40499
-1.18922
-1.93017
-3.3575
-2.58168
2.17742
2.94126
3.5036
2.79126
3.76363
3.45176
4.07826
1.79058
1.6378
1.43018
3.15082
3.88451
3.13836
3.38889
3.04669
3.31681
3.86041
2.89208
2.27627
1.8577
2.12584
-4.65603
-3.73297
-2.92235
0.48298
-0.11576
0.00455
-0.00457
-0.57172
-1.31033
-2.59871
-2.8203
3.783
3.21517
2.74379
3.65822
3.61015
2.80759
3.38324
2.25797
2.56278
1.65369
1.5512
2.34675
3.96252
3.34562
3.92281
4.00768
4.36675
2.62363
2.25135
1.99677
1.43201
1.06921
-2.36485
-4.24936
0.18821
0.58793
-0.33799
-0.31186
0.05705
-1.00187
2.21035
4.04801
3.52332
3.24471
3.67324
-1.01568
-1.61521
-0.02129
-0.54965
-2.12882
-1.67429
-1.85581
-2.05649
-1.21
0.23712
-0.36141
0.5141
-1.14183
-3.39009
-2.09577
2.56494
2.28872
0.52638
0.97417
-2.08246
-4.03569
-0.31611
0.08358
0.33507
0.23613
-0.1868
-1.07825
1.56505
2.32686
2.96105
3.68071
3.60186
0.04567
-0.99394
0.38087
-0.08395
0.3857
0.21125
-1.45495
-1.47968
-0.81208
-0.99989
-0.23174
-1.4055
-1.62038
-2.06093
-1.25348
1.77808
1.67041
1.26174
1.84331
0.13797
-0.76985
-0.31661
-0.1505
0.16555
-0.94706
-0.25309
-1.91134
0.34618
1.77606
1.76297
-0.0256
-3.50462
-1.60231
-1.96658
-1.71613
-1.13391
-1.24664
-1.85449
-2.57921
-2.31388
-2.10435
-2.09552
-1.92254
-3.49054
-3.28787
-3.44081
-4.67939
-4.07401
0.16276
0.26473
0.44902
3.19399
3.74521
0.09005
0.27231
-0.43419
-0.98923
-0.35903
2.69964
1.72862
1.6145
2.00458
0.17254
-3.90135
-2.11998
-2.47172
-1.82473
-2.13472
-1.34971
-1.19797
-1.43913
-3.0875
-3.02539
-2.07804
-2.0117
-3.48097
-2.69316
-3.08515
-4.78405
-4.92532
-0.04765
2.72346
3.19221
3.48217
3.52613
0.4825
0.27373
-0.21304
-1.42309
-0.90785
3.21113
3.3128
2.69482
3.18224
1.35721
-2.33409
-2.47463
-1.73367
-1.53663
-1.65238
-1.75037
-1.60635
-1.16417
-1.60497
-1.2243
-1.18588
-3.0248
-4.06022
-3.18499
-1.5727
-3.5042
-2.12715
2.66998
3.87277
3.31253
3.61514
3.35476
0.27724
-0.13247
0.0941
-0.96878
-0.2095
0.66377
0.753
1.2092
1.4293
0.17346
-0.31744
-0.60413
-0.51384
-0.79182
-0.80037
-0.73408
-1.27927
-0.37032
-0.18795
-0.35963
0.01879
-1.16946
-1.47406
-0.50946
-0.79662
-0.63787
-0.30891
1.49434
1.24634
0.92782
0.63244
0.83861
0.27842
0.6679
-0.40458
-0.2344
0.07766
0.15883
0.42791
-0.30747
0.10543
0.07882
-0.11636
-0.09691
-0.18117
-0.08772
-0.09458
0.29707
-0.22909
-0.53475
0.38665
0.12957
0.01247
-0.18157
0.2222
0.50602
-0.28301
0.32429
0.24349
-0.26622
-0.18874
-0.40312
-0.15697
-0.23987
-0.32122
0.56865
0.20625
-0.40306
0.09698
-0.12902
0.34895
0.42384
-0.3459
0.1255
-0.28597
-0.486
-0.17245
-0.48001
0.01385
-0.0076
-0.63303
-0.93764
-0.41655
-0.47596
0.20992
0.41995
0.43162
-0.07792
-0.35825
0.1511
-0.03179
0.0516
0.44046
-0.57418
0.34721
-0.44665
0.1868
-0.32317
0.31532
0.008
0.60207
0.37472
-0.44189
-0.36742
-0.13165
-0.25712
0.53363
0.53668
-0.24445
0.14724
0.14018
-0.39816
-0.42227
-0.6329
-0.2015
0.3477
0.43032
0.14053
0.3436
0.44328
0.05443
0.55874
-0.1235
0.56276
0.35584
0.13629
0.13926
-0.05713
-0.21415
0.37836
-0.48055
0.1967
0.08947
0.36882
-0.54598
0.13586
-0.42444
-0.24723
0.05401
-0.32906
0.49062
-0.1157
0.27596
0.23971
-0.88542
-0.20092
0.02135
0.47037
-0.15217
0.0478
0.2473
-0.34453
0.46254
0.16587
0.18908
0.5708
-0.15702
0.04028
-0.55879
0.34212
0.38612
-0.02204
0.0192
-0.50566
-0.01947
-0.33726
-0.44745
-0.25441
0.28321
-0.1409
-0.34385
-0.12461
-0.30702
0.28766
-0.3202
-0.16199
-0.08044
-0.17319
0.35194
0.09836
-0.32379
0.57398
0.17424
0.37674
-0.12378
-0.02349
0.39676
0.48429
-0.49538
0.35267
-0.15979
-0.15954
-0.41386
0.6559
0.26656
-0.30417
-0.16955
0.38794
-0.01676
0.12188
0.07493
0.15855
-0.14137
-0.32614
-0.21097
0.1853
0.37918
-0.29218
0.36658
0.14603
-0.21726
0.09476
-0.11977
-0.42172
-0.02139
0.57861
-0.02139
0.37861
0.19157
0.09547
-0.18415
-0.4946
0.27486
-0.42495
-0.42134
-0.02071
0.38628
0.18703
-0.13188
0.06577
-0.03974
0.37832
-0.12695
0.2688
-0.43053
0.38036
-0.4178
0.58042
-0.42053
0.07819
0.37817
-0.32118
0.57875
0.2798
0.38023
-0.22172
-0.42139
0.07861
-0.42139
-0.22139
0.18504
0.57726
0.26255
-0.33742
0.46428
0.16456
0.27866
0.27929
-0.01372
0.48703
-0.33191
0.26575
0.55996
0.27801
-0.32707
-0.43132
-0.43063
0.28029
0.28198
-0.0198
0.07942
-0.12187
-0.22189
0.17876
0.07873
0.57978
0.28023
-0.32172
-0.42139
0.47861
-0.12139
0.47861
-0.41501
-0.32242
0.56356
0.06237
0.46425
-0.4355
0.47866
0.0792
0.48611
0.28735
-0.23148
-0.33389
0.35952
0.37751
-0.32753
-0.33156
0.06927
0.38044
-0.11781
0.2802
-0.12058
0.37813
0.07811
-0.42124
0.47873
-0.32022
-0.41977
0.47828
-0.22139
-0.02139
0.07861
-0.02139
0.08482
-0.22064
0.06726
0.56335
-0.43578
-0.43518
0.07861
0.37861
0.18543
-0.21073
-0.22888
0.0685
0.15789
-0.3255
0.36996
-0.33494
0.36816
0.08129
0.08271
-0.01978
-0.32056
0.57813
-0.32189
-0.22127
-0.22127
0.47978
0.18022
-0.1215
0.07861
0.07861
-0.02139
-0.2214
0.58334
-0.01441
-0.11004
-0.33103
0.16447
-0.23328
