-0.47975
0.42025
-0.38251
-0.18314
0.50539
-0.30879
0.25827
-0.34404
0.4561
-0.4461
-0.35402
-0.21824
0.28534
0.22014
-0.4913
-0.24021
-0.33222
-0.4149
-0.09943
0.09265
-0.03667
0.36623
-0.03811
-0.14552
-0.24172
0.26198
-0.12916
0.07084
-0.47975
-0.17975
0.01744
0.01686
0.20542
0.29018
0.2794
0.07983
0.20068
-0.17147
0.12347
0.52832
-0.09808
0.48509
-0.32958
0.15738
0.26545
-0.52034
0.29009
0.09544
-0.08393
-0.15084
0.55571
-0.05801
0.07911
-0.43307
-0.52916
0.27084
-0.17975
-0.37975
-0.08253
-0.18306
-0.38044
0.00797
0.38772
0.39214
-0.49216
0.2064
0.21579
0.33009
0.39032
0.05951
0.45789
-0.33928
-0.23464
-0.4222
0.48486
0.19417
0.23528
0.07709
0.18048
-0.33351
0.4206
-0.29964
-0.32916
-0.52916
-0.18807
0.41193
-0.29347
0.10513
0.52181
0.20908
-0.47601
-0.45987
0.02346
0.48712
0.35601
0.03246
-0.16732
-0.06111
-0.54537
-0.32876
-0.3461
-0.53057
-0.14627
-0.11566
-0.31208
0.48898
0.06118
0.24429
-0.45117
-0.45428
0.44847
-0.4463
-0.29734
0.40266
0.01764
-0.48107
-0.25376
0.38062
-0.33521
-0.47377
0.27905
0.14786
-0.28317
-0.07265
0.23423
-0.35935
0.10909
0.14004
-0.29147
-0.41363
0.02606
0.45672
0.52927
-0.46202
-0.47265
-0.07233
-0.46785
0.53227
-0.4105
0.20952
0.40263
0.40263
-0.26735
-0.06443
-0.44877
-0.31736
-0.43852
0.12249
0.17579
-0.05424
-0.07344
-0.47051
-0.54959
-0.23384
-0.37765
0.13007
-0.59304
0.30577
0.01744
0.14032
-0.50354
-0.3947
0.41912
-0.1787
-0.26647
-0.36763
0.23516
-0.06389
-0.09735
0.40265
0.03612
0.23385
-0.36919
-0.06282
-0.49583
-0.13416
-0.05467
0.21941
0.32194
0.38716
0.11378
-0.24323
0.48371
0.05569
0.22353
-0.57742
-0.21182
0.1805
0.15771
-0.30424
0.00279
0.20195
0.14366
0.15726
-0.14478
0.45641
-0.19734
-0.29734
0.5359
0.13464
-0.46921
-0.05976
-0.16408
0.32203
-0.47802
0.49545
-0.41439
-0.30259
0.01168
-0.25871
-0.22247
-0.1493
0.12302
0.12576
0.07316
0.14605
-0.45032
0.41343
-0.29719
0.38731
0.57427
-0.31829
0.05387
0.15387
0.20266
-0.39734
-0.16444
0.03474
0.53074
0.13797
-0.07061
0.22073
0.32587
0.40669
0.41068
-0.1957
0.00771
0.326
0.38051
0.25459
0.02815
-0.08617
0.24378
-0.37469
0.25236
0.09312
-0.20001
-0.2174
0.56452
-0.40078
0.45381
0.25381
-0.39734
0.10266
0.03556
-0.26514
0.23072
0.33622
-0.17418
0.31969
-0.27165
-0.08639
-0.38663
-0.39288
-0.38599
-0.37159
-0.01598
0.35856
0.33372
0.01284
0.33385
-0.47746
-0.04741
0.48665
0.21402
0.38907
0.57819
0.00919
0.25379
-0.24621
-0.09734
-0.19734
-0.46461
-0.16483
0.23063
0.42729
0.22082
-0.48027
0.3206
-0.00204
0.22047
0.52112
0.13002
0.02535
-0.31544
-0.43561
0.33484
0.1752
-0.15361
0.12886
-0.15605
-0.30919
-0.25129
0.55171
-0.30152
0.0113
-0.04619
-0.44619
0.20266
0.30266
-0.16476
-0.16504
-0.07022
0.12626
0.11371
0.14762
0.3776
0.15484
0.45569
-0.16622
-0.03598
0.47809
-0.15803
-0.08729
0.48893
-0.06742
0.1321
0.40717
-0.51471
-0.19476
0.34523
0.35452
-0.30111
-0.28511
0.35381
0.05381
0.2026
0.3026
-0.46618
0.43312
-0.47212
0.52327
-0.19204
0.19429
0.52248
-0.19992
0.10481
0.07979
-0.28876
-0.16057
-0.11019
0.40829
-0.31272
-0.31981
0.28075
-0.23225
-0.34373
-0.15552
0.56189
0.46961
0.21408
0.30871
0.25796
0.05796
-0.1974
-0.2974
0.13386
0.23377
0.32904
0.22703
0.41361
0.13087
0.02712
-0.21012
-0.1978
-0.29305
0.33985
0.55438
-0.39532
-0.07799
0.49158
-0.5172
-0.53077
0.18472
0.06223
-0.37435
0.05391
0.16528
-0.22568
0.5565
0.25994
-0.24006
-0.2974
-0.0974
-0.26618
0.13366
0.52891
-0.07367
0.50795
-0.29959
-0.30324
0.59194
0.23333
0.63323
0.03139
-0.30519
-0.44967
-0.0748
-0.18308
0.55188
0.45011
0.56991
-0.17008
0.53086
0.40801
-0.0902
-0.42316
0.15792
0.06101
0.36101
0.20257
0.30257
-0.16593
0.43366
0.32917
-0.27041
0.23144
0.48249
-0.42833
0.28306
0.32077
0.0306
0.32453
-0.01646
0.54599
0.03443
0.42369
0.14312
-0.15961
-0.43559
0.42182
0.3979
0.28428
-0.12905
-0.20121
0.22641
0.21837
-0.00336
-0.2975
0.3025
-0.26571
-0.46625
0.42992
-0.15067
-0.23954
0.44588
-0.26239
0.58774
-0.1089
0.32433
-0.08642
0.56244
0.34514
0.01493
-0.33601
0.08141
0.37275
-0.07955
-0.22151
0.57799
-0.41021
-0.42179
-0.20178
0.63983
-0.06938
-0.29078
-0.19559
-0.19559
0.41618
0.31514
0.33178
-0.1556
-0.18401
-0.27625
-0.26254
0.29797
-0.42957
0.44118
0.06961
0.17984
-0.47192
-0.40838
0.48533
-0.36712
-0.29868
-0.32594
-0.45678
0.54838
0.17972
0.19209
0.10401
0.03162
-0.01242
-0.33247
-0.09522
-0.39522
-0.08399
-0.4851
-0.36885
-0.1546
0.3215
0.23458
-0.06719
0.07838
-0.191
-0.2027
0.59667
-0.19758
0.16184
-0.46066
-0.06185
-0.01631
0.43862
-0.12807
0.34325
-0.04345
0.15975
-0.32139
0.00154
0.03082
0.59798
-0.20891
0.1048
-0.1952
-0.1838
-0.38505
-0.35825
0.5414
0.41868
0.23044
-0.36985
-0.43161
-0.00253
-0.30327
-0.10707
0.49577
0.4658
0.3709
0.36074
0.46165
-0.47135
0.16068
-0.17936
-0.4618
0.14435
-0.15448
0.47347
0.59064
0.48882
0.28885
-0.09596
0.50404
-0.18464
0.5136
0.04071
-0.06202
0.01396
0.52137
0.4213
-0.3655
0.54876
0.24907
-0.15462
-0.14631
0.12929
0.23099
0.06688
0.05272
0.34597
-0.50265
0.34545
-0.42034
0.2872
-0.41269
-0.28099
0.51749
0.32966
0.44915
0.30256
0.40256
0.21454
0.11167
0.49945
-0.2051
-0.21686
0.10515
0.22513
0.22618
0.42329
0.33735
-0.28113
-0.10365
-0.3574
-0.07321
0.30576
0.31607
0.39352
0.22236
0.35262
-0.51543
-0.13361
0.17807
4.8E-4
0.4062
-0.37959
0.43992
0.10126
-0.19874
0.10903
0.31288
0.38414
-0.41983
0.07548
-0.30453
0.13528
-0.17328
0.5044
-0.20532
0.29153
0.09099
-0.46174
0.06915
-0.56058
-0.35193
-0.55088
-0.05662
0.10016
0.12633
0.26574
-0.52638
-0.51406
0.08122
0.29388
0.41114
-0.09912
0.40088
-0.19595
-0.49559
0.38511
-0.51949
-0.03214
0.08806
-0.19844
0.58287
0.24696
-0.16768
-0.24644
-0.43099
-0.04336
0.01755
-0.43261
-0.52547
0.47358
-0.29323
-0.0369
-0.31424
0.06586
0.17163
-0.02483
0.37185
0.47239
0.3913
-0.19912
0.10088
0.10744
-0.49196
0.10976
-0.17785
-0.2117
0.09441
-0.12073
0.13903
-0.08812
0.30342
-0.45495
0.37676
-0.42324
-0.25494
0.29166
-0.29951
0.21443
0.05321
0.15286
-0.26824
0.27146
0.26063
-0.14818
0.26099
-0.5522
-0.55216
-0.49912
-0.29912
-0.29733
-0.22527
0.19143
0.30742
-0.31406
0.19467
0.07042
0.22383
0.00342
0.40182
-0.3544
0.08603
-0.00154
0.07003
-0.29777
0.00223
-0.48525
-0.24679
0.5528
0.54628
-0.51161
-0.23878
-0.25372
-0.5434
0.0478
-0.05216
-0.39873
-0.49873
0.10277
0.36733
-0.11131
0.20672
0.18163
-0.21092
0.46627
-0.18061
0.10553
0.30608
-0.17318
-0.05448
0.25785
0.35884
0.01969
0.42173
0.42205
-0.47177
0.02403
-0.37733
-0.01468
0.45914
0.04793
0.46134
-0.0522
-0.15216
0.10254
-0.09746
0.40411
0.06798
-0.31168
-0.29463
-0.128
-0.12032
0.1633
-0.07824
0.1122
0.41456
-0.29956
0.08016
-0.10764
-0.17848
0.34832
0.55339
-0.35691
0.09304
-0.21928
-0.52383
0.27544
0.15552
-0.25063
-0.53869
0.34781
-0.05215
