0.19995
-0.30005
0.19953
0.29953
0.29953
-0.32639
0.17357
-0.02643
-0.22644
-0.52644
-0.22644
0.37324
0.47323
-0.52739
-0.43356
-0.33359
-0.33358
0.16674
-0.03304
-0.01145
0.4736
0.07355
0.27355
0.27356
0.17356
0.17356
-0.12642
0.07358
0.39995
0.49995
-4.7E-4
-0.40047
0.09953
-0.22639
0.47357
-0.22643
0.17328
-0.02665
0.37336
0.17285
-0.19629
0.1752
-0.13359
0.26641
-0.43359
0.26645
-0.13332
-0.4081
-0.22636
-0.02636
-0.52636
-0.12635
-0.0264
0.07355
-0.42642
-0.02642
-0.20005
-0.10005
-0.40047
-0.30047
-0.40047
-0.52639
-0.52664
-0.12704
0.04613
0.44659
-0.24829
0.35106
0.3027
-0.23359
0.16641
0.2664
-0.23359
-0.13357
0.16666
-0.30522
-0.32661
-0.12654
0.37368
-0.52632
0.07362
0.27355
0.37357
0.47358
0.49997
0.49997
-0.30025
-0.10025
-0.40039
-0.2141
0.36498
-0.23551
-0.54841
-0.44827
0.35188
0.25248
0.42072
0.19277
-0.01771
0.0666
0.06686
-0.53304
0.19333
0.2002
0.1301
-0.41372
-0.41378
0.18621
0.08621
-0.51379
-0.5139
-0.11389
-0.1
0.0
0.4
0.4
-0.20013
0.49955
-0.43302
0.1669
-0.43443
-0.33433
-0.10917
0.24665
-0.28091
-0.39453
-0.5348
0.4088
-0.09253
-0.0603
-0.09739
0.19366
0.12736
0.39995
0.10001
-0.19992
-0.29979
0.50021
0.50011
0.40014
0.5
-0.3
-0.4
-0.3
-0.40012
-0.30061
0.28053
-0.41943
-0.12388
0.37638
0.49403
-0.16623
0.12089
0.12027
0.36516
-0.26078
-0.16066
0.03969
-0.49378
-0.2064
-0.17281
-0.30022
0.19978
-0.40008
-0.39993
-0.39993
-0.20001
0.0
0.3
0.5
0.1
0.1
0.5
-0.10066
-0.00955
-0.30948
-0.50926
-0.30883
0.09996
-0.15881
-0.37262
0.02623
0.16518
-0.26078
-0.26066
-0.36031
-0.29454
0.39349
0.12713
0.05986
-0.20022
-0.50006
-0.19992
-0.0999
-0.30001
0.4
0.5
-0.1
0.3
-0.5
-0.2
-0.2003
-0.10031
0.09976
-0.10002
0.29995
-0.43488
0.03539
-0.15956
0.45888
0.06518
-0.06078
0.43934
-0.46031
-0.16988
0.11307
0.42713
-0.07279
0.26422
0.19995
-0.49988
0.30012
-0.50001
0.1
0.0
-0.4
-0.3
0.4
-0.3
-0.2003
0.09969
-0.40027
-1.4E-4
-0.50005
0.22738
-0.5726
-0.14506
-0.00121
0.46517
0.33921
-0.16067
0.03968
-0.43435
-0.36589
-0.47287
-0.47279
-0.33215
-0.50005
0.4001
-0.19988
0.39999
-0.4
0.4
-0.3
-0.4
-0.4
-0.50012
-3.0E-4
0.49969
0.49969
0.19968
0.49981
-0.27262
0.3274
-0.24723
-0.50121
-0.23483
-0.46078
-0.26067
0.33968
-0.33435
0.3312
-0.07288
0.02721
0.25622
0.49995
1.0E-4
-0.29988
0.39999
-0.2
-0.5
0.2
-0.4
-0.1
0.49987
-3.0E-4
-3.1E-4
0.39967
0.29965
-0.42923
0.32741
-0.25967
-0.54085
0.29863
-0.53499
0.33909
-0.0608
-0.16037
0.06561
0.23338
-0.45693
-0.5728
0.02722
-0.25952
-0.29988
0.10013
-0.2
0.1
-0.3
-0.2
0.4
0.1
-0.30015
0.49971
-0.30033
-0.40297
-0.15017
0.12443
-0.17554
-0.50297
0.49698
-0.40417
0.46221
0.23628
0.33638
-0.16333
-0.53714
0.26349
0.29712
-0.27281
-0.47278
-0.46097
0.40012
0.20012
-0.1
-0.2
-0.4
-0.4
0.1
0.1
-0.4
-0.50005
-0.50029
-0.20583
-0.05303
0.22156
-0.57842
-0.40585
-0.0059
0.16247
0.2274
-0.19857
0.30154
-0.19812
0.12952
0.36062
-0.20575
0.32724
0.12724
-0.57259
-0.57248
0.37032
0.39999
-0.20001
0.5
0.5
0.0
0.2
-0.1
-0.50005
-0.20006
0.02189
-0.17815
-0.07835
0.22158
0.42158
0.02153
-0.07962
-0.11324
0.16089
0.06118
-0.23848
-0.61236
-0.21168
0.02172
0.22724
0.42723
0.0274
-0.07258
-0.50001
0.29999
-0.50001
0.2
0.1
-0.3
0.2
0.5
-0.20005
-0.20008
-0.57814
0.32185
-0.47812
-0.57812
0.32188
-0.27817
-0.17937
-0.61299
-0.33892
-0.3388
0.16167
-0.61237
0.38807
-0.47829
-0.17276
0.02716
-0.37274
-0.17259
0.19998
0.19999
-0.40001
0.5
-0.3
0.5
0.0
0.0
-0.50003
-5.0E-5
-0.57504
0.02496
0.3248
0.22475
-0.07692
-0.07729
0.22151
-0.41211
-0.23795
-0.63783
0.06255
-0.11147
0.18895
0.32256
-0.17494
0.32524
-0.27482
-0.27482
0.22953
0.04914
0.29776
0.4
0.0
-0.2
0.2
-0.40001
-0.43702
-0.06171
0.2274
0.1274
-0.2758
-0.51717
-0.25197
-0.5547
0.0441
0.41053
-0.40831
0.10169
0.4018
-0.07211
0.32845
0.16203
-0.20306
-0.55439
-0.07549
-0.57549
-0.37549
-0.15082
0.29708
0.3
-0.2
0.2
0.2
-0.50002
-0.53634
-0.27261
-0.4726
0.0274
-0.47457
-0.41885
-0.52104
0.37841
-0.32263
-0.25624
0.01958
0.12179
0.02217
0.35176
-0.4367
-0.30299
0.09707
0.04629
-0.37549
-0.47549
0.32451
0.35209
0.09709
0.3
0.3
-0.1
-0.1
0.09998
0.36802
-0.09315
-0.49321
0.23581
-0.23331
-0.33948
-0.34157
-0.44137
-0.0425
-0.2565
0.31755
0.41763
-0.58194
0.44952
0.06315
-0.22107
-0.12106
-0.52304
-0.35716
-0.29586
-0.49586
-0.28716
-0.17409
-0.2
-0.3
0.4
-0.3
0.26006
-0.15666
0.30204
0.20196
-0.25886
0.26192
-0.04423
-0.24589
-0.14625
-0.14741
0.34408
0.01821
-0.48166
0.01869
0.35003
-0.23604
-0.22742
0.37258
-0.0274
0.4726
0.10004
0.30004
-0.59996
0.20004
-0.5
-0.5
0.4
0.5
0.43902
0.22738
-0.39785
-0.59792
0.33606
0.46157
0.05607
-0.04397
-0.44402
-0.54518
-0.35369
0.22483
0.43017
0.2304
0.05796
0.16635
-0.22519
0.37481
-0.12518
-0.02516
-0.19773
0.20227
-0.09773
0.40227
0.1
-0.3
-0.5
-0.20001
-0.14504
-0.25229
-0.17086
0.02904
0.04624
-0.35906
-0.07214
0.42785
0.31837
0.05849
0.04997
-0.04706
-0.41509
-0.41482
-0.04196
-0.12662
0.18184
0.28184
-0.21816
-0.44717
-0.57039
-0.57039
0.02961
-0.07039
0.2
-0.3
-0.5
-0.5
-0.30003
-0.40003
0.3995
-0.5006
0.19949
-0.22884
-0.44041
-0.24041
-0.64159
-0.50984
-0.61835
-0.61124
-0.20218
0.29782
0.02451
-0.41149
-0.00303
-0.48951
0.39996
-0.40001
-0.30001
-0.30001
-0.5
-0.2
0.3
0.4
-0.4
-0.2
0.29997
-0.40035
0.09479
-0.10522
-0.30516
-0.03234
0.35488
-0.24506
-0.54221
-0.4137
-0.01864
-0.71808
-0.51771
-0.21771
-0.20702
0.32271
0.33117
-0.33882
-0.50452
0.29551
-0.20466
0.19534
-0.40425
-0.20425
0.2
0.2
-0.1
0.4
-0.30003
-0.40035
-0.10958
-0.2097
0.4903
0.26312
-0.14966
0.35034
-0.04758
-0.11852
-0.51852
0.28199
-0.01765
-0.01765
-0.40635
0.32202
0.222
-0.34593
0.49085
0.29085
0.29089
0.09089
-0.10833
-0.00833
0.1
0.3
0.29998
-0.10003
-0.50003
-0.10035
0.49041
-0.3097
0.2903
-0.13688
-0.44966
0.15034
-0.14758
0.18148
-0.71852
0.18198
-0.01765
0.28235
-0.50715
0.02202
0.122
-0.14761
0.09086
-0.40914
0.29089
-0.00911
0.39167
-0.40833
-0.2
-0.2
0.09998
-3.0E-5
-3.0E-5
-3.5E-4
0.1904
-0.00969
0.29031
0.46193
0.25034
-0.14966
-0.25085
-0.2183
-0.6183
-0.31113
-0.60247
-0.20247
0.324
0.18621
-0.31381
-3.2E-4
-0.50914
-0.20914
0.39089
0.39089
-0.50833
-0.40833
-0.3
0.5
0.39998
-3.0E-5
0.29997
-3.4E-4
-0.00961
-0.50969
0.49031
-0.23926
-0.44966
-0.14966
0.3409
0.18206
-0.21794
0.09914
0.32231
-0.37769
-0.52393
-0.30911
-0.00913
0.29086
0.39086
0.29086
0.39089
0.09089
0.19167
0.39167
