0.50003
-0.19997
0.20398
-0.49535
0.30473
-0.03508
0.45324
-0.14675
0.15325
0.25769
-0.27368
0.29262
0.39188
0.39082
0.06192
-0.03833
0.16214
-0.40497
-0.57166
0.12938
0.45791
0.05877
-0.34155
0.45807
-0.4402
-0.04752
0.35287
-0.44713
0.30003
-0.29997
-0.49603
-0.19535
-0.09521
0.46507
0.25339
0.40448
-0.5934
-0.38496
0.10635
-0.10938
-0.03544
-0.6366
0.16175
0.3617
-0.43779
-0.32436
-0.21125
0.08422
-0.59024
-0.54265
-0.04305
0.3506
0.05171
0.15251
0.3529
-0.2471
0.20003
-0.19997
0.20405
0.30478
0.40486
-0.23491
-0.4465
-0.01262
-0.63547
-0.03301
-0.33024
0.36956
0.16372
-0.53828
-0.33832
-0.33832
0.26226
-0.03671
0.36335
0.36483
-0.50775
-0.54633
0.14921
-0.35195
0.04983
0.15125
-0.3471
0.0529
0.1001
0.1001
0.50402
-0.39529
0.4048
-0.07717
0.38751
-0.21349
0.08191
-0.31514
0.38691
0.38818
-0.31301
-0.60383
-0.31216
0.17401
-0.62549
-0.4242
-0.50108
0.10099
0.42553
-0.57413
-0.38568
0.05823
0.36014
0.16159
0.16323
0.16323
0.20008
0.50008
0.00242
0.5027
-0.29907
-0.45572
0.20278
-0.19812
0.40199
0.00501
0.35044
-0.33168
0.15099
0.35135
-0.55571
-0.18026
0.32429
-0.39181
0.11158
0.10933
0.01298
-0.38969
0.32409
-0.32911
-0.32699
-0.32549
0.48802
-0.20201
0.50008
-0.49992
-0.1995
0.30067
-0.53089
-0.56495
-0.08577
-0.48653
-0.58517
-0.06381
0.4623
-0.10841
-0.20869
-0.30722
-0.02626
-0.45096
0.44868
0.01798
0.42683
-0.59285
-0.28732
0.10507
0.41681
0.2445
0.37402
0.17529
0.4953
0.29526
0.50008
-0.49992
-0.4995
-0.24108
0.13187
0.12591
-0.37596
0.42352
-0.46232
-0.50708
-0.20499
-0.20752
-0.40732
-0.40575
-0.52508
0.14953
-0.05097
-0.55006
-0.14016
0.00202
-0.48835
0.0069
-0.29264
0.30667
-0.55642
0.48688
0.38972
-0.21028
0.10008
-0.09992
-0.2995
-0.33651
0.13211
-0.37372
0.22476
0.32432
-0.3642
-0.40653
0.4933
0.2921
-0.40538
-0.50202
-0.02508
-0.05042
0.04925
0.24597
0.45734
-0.6095
-0.2909
-0.29122
-0.39123
-0.0922
-0.53887
-0.00194
0.48972
0.28972
-0.29992
-0.09992
-0.4995
-0.43587
-0.56766
0.22663
0.22484
-0.43785
0.28934
-0.20754
-0.40968
-0.00845
-0.10245
0.09981
-0.22532
-0.15075
0.44514
0.24348
-0.03828
0.34844
0.05325
-0.48621
-0.38553
0.40828
-0.55191
0.09333
0.28972
0.28972
0.20008
0.40008
5.0E-4
0.36478
0.43243
0.12667
-0.17526
0.48954
-0.1105
0.19021
-0.41063
0.19136
-0.00274
-0.40036
-0.52547
-0.15529
0.24023
0.24378
-0.53897
-0.24747
-0.31892
0.1141
0.41746
-0.28635
-0.35518
-0.41031
0.4897
0.3897
-0.19992
0.20008
0.40102
0.36737
-0.16753
-0.47355
-0.1753
-0.01128
-0.3144
0.48702
-0.00925
-0.40762
0.39774
0.19902
-0.22556
0.24473
0.34015
0.02174
0.35288
-0.44156
-0.41857
0.31355
0.42427
0.12715
-0.44574
-0.51029
0.0897
-0.0103
0.10007
0.20007
0.30102
-0.13267
0.43191
0.32547
-0.07584
0.16564
0.16008
-0.33842
0.16761
0.17136
-0.32489
0.27502
0.24165
0.01712
-0.08379
0.4048
0.23336
0.03624
-0.33841
0.31546
-0.07643
0.42743
-0.34541
-0.31075
0.1897
0.1897
-0.49944
-0.49944
0.30059
-0.23267
0.1313
-0.17481
0.32529
-0.36157
-0.36752
-0.16607
-0.26001
-0.15604
0.24232
0.23748
-0.2877
-0.23336
0.06754
-0.32263
-0.39537
0.20823
0.1422
-0.06552
-0.56824
-0.27577
0.05142
-0.41221
-0.1106
-0.2106
-0.19944
0.20056
-0.10006
0.06667
-0.26884
-0.57494
-0.27496
0.3329
-0.17055
-0.36753
-0.06177
-0.25944
0.23569
-0.468
-0.19311
-0.33338
-0.02564
0.17512
0.19992
-0.49884
-0.46487
-0.06438
0.32786
-0.07962
0.2512
-0.41067
0.38933
-0.51067
0.40056
0.20056
0.50056
-0.23271
0.13179
0.02568
-0.37538
-0.1711
0.42824
0.12992
-0.36993
-0.26588
-0.06582
-0.38768
-0.60513
-0.02611
-0.42292
-0.02138
0.00876
-0.47553
0.44991
0.4366
0.12782
-0.1803
-0.14833
-0.2098
-0.10985
-0.40985
0.10056
-0.29944
5.6E-4
0.26729
-0.06822
-0.17394
-0.47487
-0.24364
0.15557
0.41759
0.03943
0.13995
0.33933
-0.47984
0.50455
-0.31771
-0.31667
0.48377
-0.18655
0.42819
0.34919
0.50817
-0.29523
0.09748
0.22949
0.16451
-0.33309
0.06941
-0.09944
0.50056
0.30056
0.26663
-0.56822
0.12459
-0.17775
-0.41903
-0.11994
0.24903
0.06056
-0.44945
0.35302
-0.05933
0.0175
0.52842
-0.26598
0.43417
0.46339
-0.12163
0.59513
0.33255
0.12984
0.22199
0.05335
-0.41124
0.39148
-0.30606
-0.19921
-0.19921
0.30056
0.16635
-0.36925
0.12212
0.0182
-0.11722
0.28253
-0.04459
-0.43296
-0.44971
-0.45343
0.14598
0.32319
0.30378
-0.2934
0.23
-0.22214
0.48233
0.09904
-0.0686
0.42925
0.42133
-0.14624
0.08977
-0.10827
0.39404
-0.09947
-0.39947
-0.49946
0.36503
-0.27205
0.01976
-0.40295
0.46155
-0.13751
0.53691
-0.45427
-0.27342
-0.07517
0.02672
0.52088
-0.0044
0.19808
-0.47974
-0.23047
0.57189
-0.42118
0.01336
0.41214
-0.29664
-0.46894
-0.33291
-0.03204
-0.12888
-0.39947
0.10053
6.3E-4
0.16453
0.12534
-0.58227
-0.10777
-0.37078
-0.4417
0.5099
-0.49837
0.49367
0.09459
-0.40408
0.19614
-0.21554
-0.50644
0.29501
-0.35541
0.54597
-0.3809
0.18103
-0.41778
-0.12375
0.10029
-0.16318
0.23714
0.13813
-0.39967
0.50033
0.40029
0.16294
-0.57567
0.21724
0.39258
-0.10643
0.41012
-0.34227
-0.57494
0.42379
0.32691
-0.47189
0.22902
-0.06358
0.43794
-0.06432
-0.2294
0.21558
-0.29575
0.10366
-0.09577
0.09967
0.02203
-0.24078
0.05922
-0.44082
-0.10006
0.09994
-0.40006
0.05865
0.32738
0.42098
-0.39422
-0.49267
-0.47128
-0.14506
-0.23791
0.46347
0.21408
-0.31324
-0.51304
0.36039
-0.40078
0.09734
-0.36579
-0.073
0.41302
-0.08694
0.41285
-0.09221
0.12838
-0.23033
-0.43033
-0.33037
0.09994
-0.20006
-0.40006
0.39842
0.06733
-0.36071
0.03416
-0.4651
-0.25803
-0.24934
0.59973
0.53367
0.487
0.35528
0.35479
-0.0702
0.49901
0.06588
0.24845
0.18978
0.18427
-0.30917
0.14238
-0.42816
0.39723
0.39635
0.49634
0.3963
-0.20006
-6.0E-5
0.19994
-0.50158
0.29473
0.24511
-0.16589
0.13465
0.03753
0.02113
0.18171
0.50199
0.45131
0.31653
0.3162
0.41223
0.13849
0.19215
-0.15858
-0.34695
0.05327
-0.33228
0.14784
-5.6E-4
-0.10322
-0.1041
-0.20409
0.29587
0.19994
0.19994
0.39994
-0.10158
0.09473
0.24378
-0.06482
0.23535
0.23691
-0.37925
-0.23759
-0.43625
0.41767
-0.11583
-0.41583
0.27765
-0.52675
0.37191
0.23944
0.05416
-0.1469
-0.43231
0.24398
-0.40251
-0.50379
0.4954
0.49552
-0.40452
0.19994
0.49994
0.09914
0.39705
-0.50527
-0.20534
-0.19808
0.13863
-0.25847
0.22487
0.16375
0.16392
0.51742
-0.31982
-0.02321
-0.13005
-0.33816
0.06184
-0.26575
-0.14589
-0.34691
0.23217
-0.40257
-0.30256
0.09624
-0.50457
-0.40448
0.29548
-0.30006
0.39994
-0.40097
-0.5032
-0.00525
-0.30532
0.30208
0.05697
-0.43775
-0.14665
0.17435
-0.23804
0.51355
0.07764
0.37425
0.449
0.32017
-0.56808
-0.55718
0.20267
-0.50035
-0.2455
-0.20257
-0.10257
-0.00361
-0.20437
-0.20448
-0.00452
0.29994
0.09994
-0.30095
0.39681
0.49475
-0.20533
0.30182
0.40453
-0.2921
-0.20981
0.28585
-0.3461
0.20099
0.26875
-0.03464
-0.18428
-0.04789
0.28146
0.44481
0.09911
0.39803
-0.30247
-0.40254
0.19743
-0.20103
-0.10257
0.29552
-0.50452
