0.2
-0.1
0.3
0.0
-0.307
0.446
-0.357
0.343
-0.057
-0.467
0.543
0.137
-0.063
-0.279
-0.332
-0.536
-0.036
-0.536
-0.436
0.367
0.256
-0.267
-0.367
-0.267
-0.077
-0.457
-0.354
-0.254
-0.4
0.1
-0.2
0.2
-0.207
-0.254
-0.157
0.043
-0.057
-0.252
0.028
0.122
-0.505
-0.437
0.164
0.264
-0.036
0.364
0.164
-0.232
0.314
-0.479
0.117
0.515
-0.074
-0.361
0.046
0.546
-0.3
0.2
0.1
0.1
0.093
0.046
-0.157
-0.335
-0.254
0.497
0.106
-0.398
-0.525
0.064
0.164
-0.136
0.464
0.264
-0.536
0.368
-0.504
0.389
0.196
0.299
-0.483
-0.163
-0.354
0.446
-0.5
-0.1
-0.2
-0.4
0.293
-0.049
0.545
-0.38
-0.11
-0.059
0.469
-0.079
0.442
0.239
0.059
-0.098
0.401
0.501
-0.551
0.131
0.167
-0.444
0.156
0.256
-0.156
0.161
-0.481
-0.481
-0.2
0.2
0.1
0.3
0.493
-0.48
0.363
0.46
0.054
0.426
0.439
0.24
0.439
0.235
-0.49
0.03
0.429
-0.343
0.071
0.468
-0.065
0.197
-0.181
-0.443
0.246
-0.437
-0.189
0.117
-0.2
0.0
-0.5
0.3
0.393
0.017
-0.352
0.347
0.045
0.399
0.493
-0.349
0.05
-0.063
-0.489
-0.143
-0.443
0.057
-0.139
-0.534
-0.158
0.108
0.426
0.157
0.046
0.263
-0.551
0.249
-0.1
-0.2
0.4
0.0
0.393
-0.284
0.345
0.143
-0.158
0.367
-0.422
0.452
-0.549
0.34
0.111
-0.443
-0.443
-0.043
-0.239
0.068
0.037
-0.232
-0.467
-0.331
0.35
0.063
-0.451
-0.451
0.0
-0.5
0.0
-0.4
0.193
-0.484
0.142
-0.158
-0.558
-0.117
0.458
-0.544
-0.466
-0.24
0.211
-0.146
0.154
0.344
-0.526
-0.434
-0.368
-0.54
-0.194
-0.519
0.251
-0.038
0.249
-0.551
0.0
-0.1
-0.4
-0.2
-0.007
0.418
0.242
0.342
-0.158
0.419
-0.262
-0.588
0.043
-0.218
0.1
0.043
0.034
0.548
0.397
-0.13
-0.366
0.161
-0.388
-0.028
-0.35
0.161
0.049
0.349
0.0
-0.2
0.5
-0.2
0.193
-0.481
-0.358
-0.558
-0.058
0.335
-0.582
-0.555
-0.443
0.394
-0.195
0.144
0.551
0.051
0.209
0.18
0.147
-0.039
-0.018
-0.246
-0.362
0.446
-0.252
0.148
-0.2
0.4
0.2
0.5
0.393
0.021
-0.158
-0.158
-0.178
-0.077
0.218
-0.527
-0.245
-0.175
-0.162
0.286
-0.412
-0.417
-0.064
0.121
-0.053
-0.441
-0.216
0.317
-0.166
0.345
-0.155
0.445
0.5
0.3
-0.5
0.4
0.493
0.125
0.088
0.267
-0.209
0.411
0.322
0.265
-0.528
0.175
-0.414
0.032
-0.466
-0.354
-0.405
0.195
-0.539
-0.465
0.121
-0.383
-0.369
-0.158
0.045
0.345
0.3
0.2
0.3
-0.5
0.393
-0.111
0.472
-0.307
0.195
0.021
0.431
-0.435
0.157
-0.369
-0.059
0.203
0.105
0.4
-0.037
-0.396
0.47
0.455
0.148
0.445
0.298
-0.484
0.042
0.142
-0.5
0.0
0.5
-0.4
0.493
0.089
0.372
-0.486
0.294
0.319
0.237
-0.436
0.213
-0.573
0.339
-0.517
-0.415
-0.415
-0.004
0.166
-0.278
-0.448
-0.051
-0.454
0.447
-0.257
0.443
0.143
-0.2
0.3
-0.1
0.3
0.093
-0.011
-0.228
-0.105
0.408
0.432
0.437
-0.052
0.455
-0.545
-0.334
0.212
0.012
0.512
-0.546
0.453
0.022
-0.549
-0.317
0.319
0.29
-0.357
-0.357
0.043
0.0
0.2
0.5
-0.3
0.293
0.288
-0.028
0.308
-0.18
-0.377
0.438
0.157
0.267
0.167
-0.022
0.424
-0.483
0.511
-0.235
0.465
-0.566
-0.149
-0.533
0.196
0.385
0.199
-0.17
-0.33
0.2
0.0
0.3
-0.5
-0.207
0.353
0.136
0.107
-0.577
-0.283
0.185
-0.515
0.279
0.381
-0.409
-0.375
0.125
0.525
-0.221
0.479
0.185
-0.496
0.228
-0.508
0.383
0.3
-0.069
0.27
0.2
0.3
0.5
0.5
-0.302
0.373
-0.064
-0.16
0.326
-0.276
0.29
-0.308
0.292
-0.1
-0.489
-0.043
0.557
-0.343
0.241
-0.271
-0.533
0.345
0.4
0.191
-0.56
-0.473
-0.143
-0.204
-0.3
-0.1
-0.4
0.182
0.273
-0.149
-0.343
0.072
0.267
0.004
-0.404
0.296
-0.105
-0.009
0.398
-0.055
0.342
0.15
-0.008
-0.549
0.241
-0.455
0.448
0.413
-0.574
-0.579
0.347
-0.131
0.5
-0.2
0.3
-0.018
0.144
0.45
0.073
0.508
0.148
-0.534
-0.052
0.461
0.261
-0.439
0.061
-0.393
0.507
0.107
0.261
0.161
0.361
-0.339
-0.51
-0.108
-0.243
-0.239
0.281
-0.242
0.2
0.1
0.4
0.283
0.438
-0.456
0.156
0.356
-0.302
0.419
0.371
-0.425
-0.324
0.062
-0.339
-0.093
-0.093
-0.293
-0.127
0.299
-0.278
-0.472
0.233
-0.004
0.365
0.375
-0.425
0.475
0.5
-0.4
-0.5
0.083
0.255
-0.352
0.339
-0.261
-0.558
-0.286
-0.39
-0.49
0.41
-0.11
0.09
0.42
0.12
-0.48
0.503
-0.336
0.271
-0.516
-0.316
-0.35
0.255
-0.548
-0.448
-0.348
0.1
-0.4
-0.2
-0.017
0.294
0.094
-0.1
-0.5
0.0
-0.3
-0.5
0.3
0.1
0.4
0.4
0.0
0.3
-0.2
0.4
0.4
0.0
0.5
-0.5
-0.4
-0.218
-0.106
0.194
-0.306
-0.1
0.3
-0.1
0.183
0.094
0.494
0.5
0.1
0.1
-0.3
0.5
0.3
-0.4
-0.3
-0.5
0.2
0.0
0.5
-0.3
0.2
-0.2
-0.3
-0.2
-0.4
-0.118
0.194
0.394
-0.206
0.1
-0.1
-0.2
-0.417
0.494
0.194
0.5
0.2
0.5
0.4
0.2
0.2
0.0
-0.4
0.0
-0.2
-0.2
-0.3
-0.2
0.3
0.4
0.1
0.0
-0.4
0.082
-0.206
-0.406
-0.006
0.5
0.5
0.3
0.183
-0.406
-0.006
-0.5
0.0
-0.5
-0.5
-0.1
0.4
0.3
-0.1
-0.1
0.5
0.5
0.2
-0.4
0.0
-0.3
0.1
-0.4
-0.1
-0.018
-0.306
-0.106
0.494
0.0
0.4
0.4
-0.017
-0.406
0.394
0.3
0.4
0.1
-0.5
0.1
0.5
0.2
-0.3
0.0
-0.5
-0.5
0.4
0.5
-0.1
0.5
0.4
-0.2
0.2
0.077
0.499
0.194
0.394
-0.4
-0.2
0.2
0.483
-0.006
-0.206
0.5
-0.4
0.4
-0.5
-0.1
-0.3
-0.5
-0.1
0.0
-0.2
-0.3
0.3
0.2
-0.5
0.1
-0.4
-0.1
0.1
0.1
0.08
0.094
-0.506
