-0.49058
-0.38957
-0.38788
0.52236
0.53152
0.18443
-0.03793
0.06264
-0.04048
-0.14073
0.38117
0.32263
0.51553
-0.28386
0.19242
0.14952
0.17937
-0.096
-0.29502
0.10921
0.49339
0.09372
-0.15777
0.1112
-0.26939
0.33661
0.44619
0.1566
0.18918
0.14974
-0.05355
0.45923
-0.49073
-0.38972
0.41166
-0.27851
0.23128
0.08483
-0.43608
-0.13698
-0.13917
-0.53337
0.0803
0.50715
-0.49813
-0.29698
0.15146
-0.01666
0.61055
-0.19075
0.60667
0.20942
0.09393
-0.40564
-0.36401
-0.10876
-0.18119
-0.26251
0.52044
-0.02238
-0.01846
-0.32858
-0.15972
0.2523
-0.0909
-0.18989
-0.28749
-0.07705
0.03315
-0.41322
0.05966
0.46707
-0.24138
-0.25043
-0.32203
-0.16978
0.51978
-0.50385
-0.0463
0.09417
0.61028
0.50776
0.20599
0.10962
0.4941
0.19491
-0.47047
-0.01517
-0.28781
-0.03079
0.17351
-0.53299
-0.53068
0.2649
-0.55659
0.3565
-0.48985
0.21116
0.1123
-0.27749
-0.36595
0.2884
-0.45111
0.44351
0.24375
-0.25203
-0.32369
0.02987
0.51531
0.09827
0.06002
-0.10009
-0.18507
0.09076
-0.01031
-0.20524
0.39248
0.39676
0.48203
-0.21425
0.40435
-0.17155
0.15164
0.25227
0.44921
-0.55156
0.15411
0.15726
0.31009
0.11125
-0.18748
0.12337
-0.46323
-0.20991
0.44596
-0.16379
0.14995
0.07233
0.39253
0.5196
0.42304
0.26851
-0.42315
0.07195
-0.38996
-0.48656
0.12296
0.01194
0.12492
0.10019
-0.19796
0.05245
0.1401
0.41957
-0.35911
-0.45711
-0.15551
0.44616
0.34506
0.24444
0.30947
0.01044
-0.08854
-0.07771
0.53394
-0.11251
-0.35806
-0.57108
-0.15008
-0.42418
0.3971
-0.38374
0.21838
-0.227
0.36469
-0.43362
-0.32255
0.49138
-0.19412
-0.21115
-0.48568
-0.42846
-0.44145
-0.07034
-0.48234
0.31459
0.23599
0.34384
-0.35529
-0.55508
0.14115
-0.25931
0.2099
-0.28924
0.11154
0.12207
0.03367
-0.41247
-0.54798
0.24609
0.36095
-0.52197
0.29916
0.3131
-0.38992
0.46688
-0.23985
-0.33306
-0.00833
-0.09543
0.21911
-0.38877
0.43766
0.46391
-0.06464
0.23057
0.18573
0.45272
0.32578
-0.45772
0.34248
-0.55483
0.24686
-0.45345
-0.08994
0.01089
-0.08978
0.5206
0.03209
-0.1136
0.16124
0.46498
0.48042
-0.22395
-0.01095
-0.44319
-0.04346
-0.13275
0.52588
-0.09164
0.20759
-0.4728
0.05069
-0.17677
0.20623
-0.19777
0.12415
-0.01764
0.28052
0.31296
0.03934
-0.16251
0.44098
0.34086
-0.55163
0.44826
-0.48972
0.21112
-0.28998
-0.37949
-0.06957
-0.21449
-0.03842
0.26935
0.39218
-0.02524
-0.12524
-0.00858
0.50126
-0.11419
0.01809
-0.12533
0.33439
0.54462
0.03331
0.30874
-0.32297
-0.54696
0.41615
0.51286
0.01938
-0.0526
0.15363
0.139
0.45414
0.35484
-0.15446
0.14594
-0.38956
0.31129
0.10984
0.42037
-0.37045
-0.41861
-0.24505
-0.13329
0.28998
-0.52688
0.16715
-0.21178
0.4084
-0.38842
-0.4529
0.10247
0.36358
0.04787
0.4934
-0.10464
-0.4119
-0.41497
0.14719
0.40403
-0.18955
0.36709
-0.18613
0.2581
-0.53926
-0.33012
0.35558
-0.34373
-0.48925
-0.08842
0.50971
0.02033
0.3281
-0.42354
-0.34763
0.27004
-0.32413
-0.52332
-0.39749
-2.2E-4
0.20079
-0.23066
0.54029
0.20999
0.43656
0.32013
-0.32
0.4935
0.10785
0.42153
-0.03928
0.06207
0.49621
0.59013
0.58905
-0.43419
-0.5498
0.27396
0.17338
0.17496
0.11219
0.1115
0.5095
0.41984
-0.47354
0.17335
-0.44766
-0.12784
0.05974
-0.20424
-0.42129
0.31515
0.38569
0.27772
-0.10884
0.28712
0.15512
-0.13948
-0.03654
0.09711
0.53856
-0.28266
0.08557
0.35891
-0.03838
0.46501
0.48023
-0.01841
-0.22424
-0.12317
-0.3271
0.47591
0.41301
-0.28771
-0.38979
0.42151
0.12908
-0.22395
-0.54555
-0.0291
0.37017
0.29441
-0.33321
-0.3964
0.2829
0.3995
-0.44836
-0.25823
0.16248
0.37037
0.18454
-0.29277
0.23606
0.4206
0.40113
-0.50735
-0.22865
-0.33464
0.36155
-0.07178
0.23709
-0.53371
-0.32141
0.38495
-0.48679
-0.18751
0.41111
0.52235
-0.47151
0.17302
-0.35711
0.36356
0.25604
0.3557
-0.22563
0.01369
-0.18921
-0.3174
-0.0789
-0.00142
-0.16947
-0.24851
0.50182
0.29235
-0.32176
-0.01611
-0.01531
0.07943
0.18018
0.08035
0.26773
0.03177
-0.16307
-0.04535
-0.2284
-0.21751
0.21273
0.31223
-0.28847
0.42268
-0.37026
-0.23507
-0.36381
0.14754
0.54987
0.5475
0.14985
-0.35041
0.4408
0.31111
0.40549
-0.09087
0.5133
0.60915
0.59375
-0.01044
0.58274
-0.41377
-0.21855
0.27525
-0.32179
0.17516
0.45481
-0.37851
0.2321
-0.1505
-0.43234
0.17965
0.21053
0.01179
-0.18898
0.42224
-0.46975
-0.13655
-0.27175
0.13416
0.44679
0.14661
0.5494
0.04856
0.53751
-0.29357
-0.2996
-0.38916
0.09962
0.59824
0.48511
-0.1104
0.1894
0.18526
-0.42022
-0.12422
0.27975
0.07727
-0.43529
-0.37253
-0.35049
-0.24831
0.31837
0.08432
-0.48982
-0.18881
0.41153
0.52307
-0.46884
-0.1455
0.28439
0.21198
0.02685
-0.35389
0.2531
-0.02109
-0.44709
0.23722
0.48288
0.01083
0.00979
0.51704
-0.08277
0.5167
-0.4841
-0.08649
-0.48725
0.09581
-0.04089
0.21945
0.29447
0.05259
0.14832
-0.44996
0.10676
0.36494
-0.49004
0.41092
-0.19008
-0.07688
0.0181
0.34947
-0.509
-0.08378
-0.06957
0.34674
-0.35071
-0.42241
-0.2933
-0.14833
0.42656
-0.09818
-0.09002
-0.48106
-0.47886
0.52125
-0.08157
-0.49242
0.09892
-0.40205
0.18842
-0.26913
0.39113
-0.24304
-0.23504
-0.03523
0.17641
0.13174
0.50943
0.41135
-0.19179
0.10839
0.31088
-0.2625
0.17595
0.31482
-0.07083
-0.39873
-0.45675
0.25876
-0.0973
-0.36329
0.3249
-0.17701
-0.27721
0.13315
-0.46252
-0.36667
-0.36917
-0.17062
0.12843
0.22964
0.12646
0.51649
0.39964
0.13735
0.35728
-0.44602
-0.08606
-0.49075
-0.48835
-0.08766
0.30857
-0.20183
-0.07805
0.32715
-0.48409
-0.27724
0.12195
-0.52948
-0.25929
-0.07663
0.42074
0.519
0.01757
-0.08016
-0.37526
-0.17271
-0.16627
-0.26562
0.03466
0.53392
-0.0671
-0.46591
0.43488
-0.08258
-0.50389
-0.36995
0.52041
-0.07961
0.02407
0.0248
0.01325
-0.28645
0.20894
-0.00818
0.31441
0.24461
-0.38362
0.30875
0.42397
0.35068
0.00202
-0.08265
-0.19057
-0.10876
0.09526
-0.07961
0.02287
0.22239
0.23198
0.53655
-0.46307
-0.36274
0.03483
0.42327
0.01366
0.30671
-0.3077
-0.38131
-0.47861
-0.27644
0.22607
-0.3744
0.11101
0.11215
0.10829
0.19636
0.2125
0.01677
-0.08924
0.408
0.01901
-0.45954
0.52229
0.41295
0.20695
-0.40023
0.20257
-0.28575
-0.39575
-0.19369
-0.38284
-0.17875
-0.28316
-0.28106
0.31889
-0.28789
-0.28927
0.10846
0.00243
0.21339
0.1114
0.41403
0.21318
0.21336
0.41051
0.41178
-0.29356
0.49782
0.51204
0.40566
-0.49642
0.10568
0.01511
-0.08537
-0.18437
0.41635
-0.29067
0.00757
0.3102
0.21213
0.49892
-0.40132
0.00805
0.21002
0.20826
0.30794
0.008
-0.49083
-0.48998
0.30999
-0.39059
0.10944
-0.2942
0.30759
0.10785
-0.39219
-0.0891
0.41221
0.5063
-0.20188
-0.08661
-0.19183
0.50518
-0.09341
-0.28617
-0.48525
0.41627
0.41587
0.10905
-0.29512
0.10728
-0.09067
-0.00368
-0.4034
0.40518
0.4074
-0.49283
0.00772
0.50747
-0.49046
-0.18966
0.21131
0.01157
-0.2876
-0.28953
0.41001
-0.19088
-0.39114
0.41074
-0.1879
-0.09401
-0.20175
0.21395
0.40882
0.40575
0.40744
0.41342
0.31378
-0.08555
-0.18352
0.20974
0.40846
0.31011
0.01237
0.09914
0.4989
-0.3927
0.51039
-0.18907
-0.19056
-0.49051
-0.18973
0.11073
0.11075
-0.48945
-0.08957
0.10922
-0.39084
-0.09035
-0.29057
0.21059
-0.28812
-0.09392
-0.00169
-0.28651
-0.19176
0.0058
-0.49184
0.51427
-0.38566
0.51401
-0.28653
-0.39258
-0.29374
0.30841
0.31005
0.39702
-0.30285
0.40624
-0.48988
-0.38961
-0.18975
-0.08986
-0.09076
-0.29108
-0.39122
-0.08975
0.21033
0.50964
0.40947
-0.19026
-0.39023
0.21025
0.31152
0.20574
0.09785
-0.28586
0.20897
0.0072
-0.4916
0.01413
0.31425
-0.38582
-0.28616
-0.09191
-0.39178
-0.38985
-0.48885
-0.49624
-0.5018
0.30786
0.21027
0.30975
-0.49032
0.00971
-0.19024
0.3098
0.30981
-0.08991
0.30995
0.41031
-0.09064
-0.49058
0.40955
-0.18975
0.51107
0.00743
-0.09883
0.31187
-0.19048
-0.49185
-0.29142
-0.18685
0.11317
-0.38699
0.51221
-0.29207
-0.19188
0.30979
0.11056
-0.38878
0.50122
0.50803
0.01032
0.5101
0.51
-0.29
-0.29
-0.29
-0.18998
0.4101
0.10978
0.11006
0.41004
0.11005
0.11019
-0.48999
-0.28998
-0.28994
-0.48999
-0.39035
-0.39019
0.51049
0.31056
-0.089
0.411
0.51078
0.20991
0.50955
0.40981
0.40989
0.51
-0.48996
0.21002
0.41
0.41007
0.0101
0.41
0.11
-0.29
-0.09
0.01002
-0.28991
0.20984
0.01011
0.51018
0.51048
0.31063
-0.48999
0.31002
0.51005
0.21
-0.29034
-0.49019
-0.48931
-0.28933
0.21056
-0.38944
-0.18958
-0.49044
-0.09027
-0.19
0.2099
-0.08999
-0.08996
-0.29
0.11
0.21007
0.5101
0.21
-0.09
0.41
-0.09
0.41002
-0.28991
-0.29016
0.01013
0.01019
0.11048
0.51061
-0.08999
0.51002
0.11004
0.01003
-0.09033
-0.49018
-0.48927
-0.08959
-0.3897
0.3103
-0.38951
-0.49044
0.20974
0.21
0.0099
0.21001
0.01004
-0.29
-0.49
-0.28993
0.0101
0.41
-0.29
-0.49
-0.49
0.11001
-0.48991
-0.39007
-0.0898
0.51016
0.21048
0.31063
0.41
0.31001
0.01003
0.51004
0.20957
-0.3903
0.51077
-0.4893
0.31057
0.31059
0.21056
-0.29057
0.40962
0.11
0.1099
-0.48999
0.31004
0.21
-0.09
-0.38993
-0.4899
0.21
-0.49
-0.49
0.21
0.01001
0.21009
0.01011
-0.49012
0.21
-0.08973
-0.48934
