0.31006
-0.18994
0.21064
0.21064
-0.38738
0.51213
-0.39332
-0.28951
-0.18729
0.21001
0.10744
0.10545
0.10378
0.1282
-0.18737
-0.50162
-0.00761
0.29289
0.40608
-0.46515
-0.26857
-0.1935
0.10836
-0.08643
0.41373
-0.0772
-0.08477
0.01523
-0.08994
-0.18994
-0.28936
-0.38936
0.51262
-0.38787
0.30669
0.31068
0.21307
0.05131
0.46234
-0.26207
0.12148
-0.18945
0.50534
-0.40162
0.29237
0.29296
-0.0936
0.03541
-0.34728
0.15542
0.46549
0.37879
0.44243
0.532
0.21523
0.31523
-0.38994
-0.08994
-0.48936
-0.38936
-0.28738
-0.48787
0.30668
0.00725
0.2093
0.4538
0.46545
0.44216
0.12254
-0.50022
0.49368
0.49326
0.39234
0.19298
0.00661
0.23566
-0.43888
-0.02501
-0.31363
0.39477
-0.2307
0.24883
0.41523
0.01523
0.50986
0.40986
0.21017
-0.18983
-0.28784
0.22012
0.01767
-0.37786
-0.27853
-0.39779
0.18714
0.08777
-0.21905
-0.42115
-0.32233
0.2728
0.2799
0.37522
0.39536
0.32167
0.55331
-0.12651
-0.11644
0.08963
-0.21109
-0.21054
-0.28154
0.1185
0.40963
-0.29037
-0.19038
0.30962
-0.18821
0.1165
0.09835
0.20079
-0.29604
0.18838
0.4718
-0.25242
-0.26162
0.138
-0.35974
0.03855
-0.05826
-0.36399
-0.04436
0.47875
0.32916
-0.23626
0.07309
0.38084
0.58234
0.2836
0.22488
0.4249
0.50963
0.30963
-0.09038
0.10962
-0.18803
-0.18512
-0.40467
-0.00605
-0.20667
-0.10629
0.08626
0.04602
0.24215
-0.17473
-0.27523
0.11972
-0.37799
0.12348
-0.0631
-0.22564
0.11897
0.25007
0.06586
0.57787
0.27933
0.08061
-0.16076
-0.26256
-0.49037
0.10963
-0.09037
0.0099
0.41221
-0.28755
0.19252
-0.31378
-0.11783
0.09943
0.41528
0.19743
0.18492
-0.25058
0.14226
0.12109
0.22169
-0.27696
-0.56053
-0.12989
-0.393
-0.46574
0.05846
0.17394
0.37902
-0.21892
-0.35165
0.04799
-0.39037
0.30963
-0.29037
0.50987
0.11255
0.13358
-0.24954
0.45539
-0.04228
-0.37934
-0.38941
0.29399
-0.50871
0.15443
-0.35775
0.02689
-0.17268
0.34086
-0.24697
-0.02084
-0.18718
0.13923
0.05638
0.16934
-0.12315
-0.12088
0.2457
-0.4543
-0.39037
0.50963
0.10963
0.50987
0.5128
0.03105
-0.05216
0.25195
-0.44555
0.12062
-0.08706
-0.19287
0.40995
-0.52947
-0.34619
0.23697
-0.56043
-0.54722
0.16685
-0.1081
0.01794
0.24125
0.45307
-0.13182
0.27566
0.5795
-0.35204
-0.05169
0.40963
0.00963
0.10963
-0.39014
0.51281
0.23099
0.54848
0.0497
0.44814
-0.38045
0.21818
-0.1853
-0.48339
0.37994
-0.43697
0.24463
0.1475
0.05888
0.27447
0.29663
0.41871
0.33843
-0.44656
0.16859
0.27604
-0.42237
-0.1455
0.0537
-0.39037
0.50963
-0.2897
0.01063
-0.28714
-0.06773
0.15041
-0.15453
0.44604
0.31632
-0.18572
-0.08765
-0.28767
0.48036
0.16301
0.45471
-0.24362
-0.34271
-0.1293
0.2867
0.40846
-0.07735
0.24616
-0.43518
0.06783
-0.22843
-0.14108
0.55892
0.00963
0.00963
0.21031
0.31063
0.0122
-0.2666
0.25078
0.47278
0.47769
-0.03782
-0.14235
0.146
-0.45357
0.10904
0.19759
0.27692
0.07936
0.37982
-0.30024
-0.47755
0.04048
0.42443
0.24755
-0.33507
-0.42437
-0.22222
-0.04108
0.35892
0.01041
-0.48959
-0.08964
0.31057
0.31054
0.42769
-0.25834
-0.40001
0.30547
0.29164
-0.41253
-0.13649
-0.23746
-0.46573
0.41735
0.09795
-0.30319
-0.40779
-0.38737
0.15057
0.47022
-0.2716
0.04714
0.06171
0.27325
-0.21902
0.16064
0.46064
0.41041
-0.38959
0.10797
0.00447
0.40474
0.33016
0.5479
0.00268
-0.19469
-0.41006
0.38691
-0.34477
0.25539
-0.26472
0.01894
0.19449
0.08928
0.08466
-0.10242
0.535
-0.34279
-0.28127
0.54308
0.564
-0.43848
0.571
0.27101
-0.02899
-0.08959
0.41041
-0.39125
-0.09449
-0.49448
0.23116
0.34791
0.19568
0.19736
0.17987
0.18016
0.18396
0.38312
0.44396
-0.47906
-0.10933
-0.10959
0.30887
-0.07806
0.44654
0.26689
0.32788
-0.16396
-0.35948
-0.138
-0.32946
-0.33566
-0.23566
-0.08959
0.31041
0.00875
0.40551
-0.29448
-0.27261
-0.06333
-0.04035
-0.23688
-0.32948
-0.42645
0.09015
-0.41081
0.55004
0.32715
0.11005
0.01006
0.00989
-0.176
0.15171
-0.22538
0.2664
-0.12278
0.08115
-0.10227
0.00327
-0.09953
0.10186
0.41041
0.11041
-0.49125
-0.09467
-0.09448
-0.18738
0.3147
0.52628
0.03301
-0.36056
0.3539
-0.32713
-0.22348
-0.46781
-0.4784
-0.10366
-0.20232
-0.30153
0.41295
0.03706
-0.4333
0.58346
-0.30493
-0.2028
0.50951
0.01361
-0.2858
0.11585
-0.18996
0.11004
0.00916
0.00677
0.31008
0.31422
-0.39181
-0.28064
-0.27503
0.53288
-0.05448
-0.41287
0.39515
-0.25764
-0.37319
0.10465
0.30473
0.5081
0.42038
0.53387
0.45612
0.46019
-0.02348
-0.30681
-0.38907
-0.28669
0.19813
0.49957
0.00963
0.30963
-0.19037
-0.19127
-0.0882
-0.17762
0.12412
-0.06391
-0.25454
0.45083
0.55914
0.49801
0.30551
0.4644
0.0501
0.13017
0.02988
0.43136
-0.36292
-0.15905
0.3623
-0.12545
-0.10199
0.21492
-0.28523
-0.38358
0.59563
-0.105
-0.19037
0.00963
0.00963
0.30873
0.10987
0.51996
0.32516
0.03188
-0.36009
0.15884
-0.234
0.18507
-0.31094
0.05091
0.53722
0.21642
0.515
0.51126
-0.28069
0.13534
-0.14469
-0.43251
-0.11039
-0.39034
0.49682
0.39359
-0.02914
0.57065
-0.19037
0.10963
0.00963
0.00877
-0.19144
0.21879
0.52021
-0.27862
0.52294
-0.25441
-0.04223
-0.25332
0.34293
0.41307
0.1
-0.52175
-0.02508
-0.43769
-0.02743
-0.40406
0.21116
0.2176
0.54474
-0.43476
-0.04972
0.54314
0.42049
0.32045
-0.09037
0.30963
-0.29037
-0.19096
0.10757
0.21465
0.31577
0.41503
-0.4885
0.32014
-0.17638
-0.47638
-0.05818
0.22601
0.01182
0.47529
0.28069
0.18243
0.18455
-0.21541
-0.38642
-0.07756
-0.46494
-0.15509
0.43973
-0.26214
0.41841
-0.48164
0.10963
0.40963
0.40962
-0.09147
-0.29097
-0.38943
-0.48474
0.21182
-0.08457
-0.08854
-0.08799
0.31365
-0.2705
-0.00702
-0.22205
0.44962
0.05058
-0.54759
-0.5281
-0.29817
0.32845
-0.05421
0.33555
-0.36185
0.12529
-0.07876
-0.19202
-0.39281
-0.29037
0.40963
0.10962
-0.29147
0.30891
-0.50739
0.38687
-0.41627
0.39037
-0.41354
-0.31527
0.19015
0.31117
-0.3166
0.17397
0.2706
0.06874
0.26061
-0.11661
-0.17462
-0.34635
0.44587
-0.29254
-0.19387
0.38248
-0.01697
0.19497
-0.30497
0.40963
0.10963
0.10962
0.10853
0.5089
0.3964
-0.52416
0.47163
0.06725
0.06217
0.15978
-0.34022
-0.3214
0.19225
-0.10775
-0.20832
-0.30925
0.09075
-0.20708
0.29823
-0.00137
0.19339
-0.52579
0.27656
0.45813
0.05079
-0.0093
-0.4093
0.00963
0.20963
0.11037
-0.39005
0.30892
-0.30396
0.47056
-0.23491
0.06389
-0.53864
-0.54022
-0.34022
0.4786
0.09225
-0.30775
-0.10829
0.09075
0.39075
-0.00723
-0.40177
0.49866
-0.4067
-0.33605
-0.54092
-0.052
-0.15315
-0.4093
-0.5093
0.50963
0.20963
0.21044
0.10932
0.50522
-0.5069
0.06888
0.15288
0.15486
-0.44151
0.3604
-0.3411
0.17767
-0.10843
-0.40832
0.19271
-0.20642
-0.3065
0.48727
0.37769
0.37822
0.27644
-0.04035
-0.14885
-0.55127
0.3472
-0.2093
0.4907
0.30963
-0.39037
-0.1896
0.20787
0.29911
0.28563
-0.53645
-0.55014
0.34149
-0.54588
-0.23939
-0.24281
0.47675
-0.10944
0.19075
0.39388
-0.20177
-0.30196
-0.41943
0.23957
-0.56169
0.23672
-0.25418
-0.54887
0.252
-0.14806
-0.4093
-0.0093
