-0.5
0.0
0.1
0.2
0.098
0.099
-0.396
-0.496
0.204
0.238
0.106
0.209
-0.091
0.304
-0.069
0.431
0.331
-0.169
0.231
0.444
0.011
0.11
-0.291
-0.291
-0.398
-0.096
0.111
-0.189
0.5
0.0
-0.4
0.1
0.298
0.399
0.104
0.104
-0.496
-0.262
0.402
0.507
-0.562
0.327
0.031
0.031
-0.169
0.431
0.231
-0.459
0.105
0.407
0.304
-0.356
-0.208
0.505
0.311
-0.089
-0.4
0.3
0.2
-0.2
0.298
-0.201
-0.296
0.405
-0.136
0.489
0.062
0.264
-0.466
-0.369
0.031
0.131
-0.169
0.031
0.331
0.239
-0.394
0.415
-0.374
0.302
0.494
-0.295
-0.489
-0.289
-0.4
0.2
0.1
0.1
-0.402
0.403
-0.443
0.46
-0.442
-0.304
-0.514
-0.432
0.415
-0.08
-0.293
-0.085
0.214
-0.479
-0.082
0.402
0.058
-0.311
-0.298
-0.091
-0.102
-0.394
-0.181
-0.381
-0.2
-0.5
0.3
0.0
-0.502
-0.096
0.064
-0.442
0.459
-0.112
0.516
0.082
0.041
0.229
0.261
0.418
-0.083
0.158
-0.073
-0.175
-0.101
-0.366
-0.092
0.014
0.103
-0.089
0.114
-0.292
0.3
-0.3
0.1
-0.5
0.098
0.405
0.172
0.272
0.468
0.499
0.012
0.072
0.167
-0.437
-0.039
0.258
-0.342
0.458
-0.47
0.068
0.373
-0.199
0.509
-0.286
-0.397
-0.089
-0.289
-0.289
0.2
-0.4
0.2
0.5
0.498
-0.096
0.504
-0.296
0.404
-0.269
-0.492
0.273
-0.533
0.259
-0.439
-0.542
0.058
-0.542
-0.36
-0.372
-0.233
-0.523
-0.095
-0.188
0.191
0.2
0.51
-0.29
-0.2
-0.4
0.0
0.2
-0.402
0.302
-0.197
-0.096
-0.096
0.426
0.165
0.167
0.169
-0.524
-0.139
0.458
-0.342
-0.02
0.273
0.352
-0.084
0.106
0.212
-0.07
-0.414
0.195
0.21
0.01
0.2
-0.2
0.5
-0.4
0.298
0.402
-0.397
0.403
-0.397
0.429
-0.439
-0.341
-0.336
-0.009
-0.048
0.349
-0.034
-0.456
0.055
0.119
0.272
0.168
-0.333
0.252
0.091
-0.206
-0.39
0.41
0.4
-0.3
0.5
0.3
-0.002
-0.098
0.003
0.103
-0.397
0.53
-0.533
-0.339
0.264
0.494
0.255
-0.216
-0.35
-0.05
0.364
-0.443
-0.536
-0.433
0.072
0.232
0.097
-0.498
-0.39
-0.09
0.0
0.5
-0.5
-0.1
0.098
0.202
-0.297
0.503
0.305
-0.507
-0.034
-0.13
0.265
-0.304
0.257
0.293
-0.048
-0.212
0.506
-0.487
-0.031
0.16
0.458
0.401
0.401
-0.09
0.21
0.01
-0.1
0.3
0.1
-0.1
0.098
0.002
-0.501
-0.2
0.065
-0.105
0.463
-0.4
-0.503
-0.103
-0.144
0.053
-0.354
0.454
0.256
0.456
0.197
-0.136
0.366
-0.487
0.294
-0.497
0.31
-0.29
0.3
0.3
-0.2
-0.2
0.498
-0.2
0.104
0.007
0.081
-0.095
0.273
-0.091
-0.455
-0.135
-0.075
-0.083
-0.281
0.323
-0.273
0.467
0.285
-0.25
-0.54
0.303
-0.141
-0.338
-0.297
0.003
0.1
0.5
-0.5
0.1
0.398
0.0
0.305
-0.331
-0.132
0.287
-0.531
-0.031
-0.191
0.052
0.113
-0.333
-0.472
0.228
-0.17
0.425
-0.339
-0.433
-0.04
-0.002
0.258
0.104
-0.296
0.004
0.1
-0.3
-0.3
-0.3
-0.502
-0.2
-0.395
-0.43
0.272
0.165
-0.334
-0.248
0.446
0.059
0.225
0.122
-0.078
0.322
-0.371
-0.275
-0.437
-0.533
0.465
0.504
-0.441
0.404
0.304
0.404
-0.5
-0.4
0.4
-0.1
0.098
0.002
-0.295
0.465
0.372
0.462
0.255
0.146
0.146
0.36
0.325
-0.178
-0.472
-0.162
0.335
0.225
-0.537
0.167
-0.532
0.408
-0.341
0.168
-0.131
-0.402
-0.5
-0.4
0.3
-0.5
-0.502
-0.425
-0.022
-0.135
-0.328
-0.037
-0.412
0.238
-0.416
-0.541
0.122
0.035
0.135
0.235
0.434
-0.578
-0.038
-0.392
-0.416
0.509
-0.54
0.168
0.372
0.498
-0.5
0.2
0.1
0.3
0.385
0.252
-0.542
-0.036
-0.337
-0.534
0.402
-0.501
-0.199
-0.284
-0.123
0.374
0.471
-0.442
0.063
-0.134
-0.505
0.0
-0.519
-0.19
-0.144
-0.238
-0.229
-0.101
-0.4
-0.3
0.5
-0.305
-0.109
-0.06
0.408
-0.489
0.423
0.345
-0.248
-0.342
-0.14
0.467
0.068
-0.437
-0.24
-0.153
-0.147
0.454
-0.542
0.461
0.361
0.46
0.022
0.217
-0.28
-0.276
0.1
0.3
0.0
0.195
0.07
0.265
0.303
0.006
-0.189
-0.3
0.278
-0.532
-0.53
-0.33
-0.032
-0.544
-0.549
-0.249
-0.046
-0.546
0.354
0.454
-0.051
0.284
0.116
0.216
-0.59
0.005
-0.1
0.2
-0.4
0.292
-0.335
-0.15
-0.299
0.316
0.342
-0.439
-0.432
0.269
0.468
0.469
-0.432
0.451
-0.549
0.451
-0.448
0.25
0.348
-0.452
0.256
0.29
-0.489
0.31
0.31
0.21
-0.1
0.5
-0.2
-0.508
0.475
-0.484
0.472
0.472
0.4
-0.054
0.153
0.053
-0.346
0.259
-0.34
-0.154
-0.354
0.046
-0.441
-0.444
0.056
0.051
-0.45
0.353
-0.323
0.376
-0.224
0.276
-0.2
-0.4
0.1
-0.408
-0.197
0.503
-0.1
0.1
-0.1
-0.3
0.3
0.0
0.0
0.3
0.0
-0.2
-0.5
0.1
0.1
0.4
-0.2
0.3
-0.2
-0.5
-0.202
0.503
0.303
0.003
-0.5
-0.3
0.4
0.192
0.303
-0.397
-0.1
-0.2
0.1
0.5
-0.2
-0.4
0.4
0.3
0.4
-0.5
-0.4
-0.4
0.2
-0.5
-0.2
0.4
-0.2
-0.5
0.198
0.203
-0.397
-0.297
0.5
-0.4
0.0
0.292
-0.297
0.103
-0.4
-0.2
-0.2
0.3
-0.1
-0.2
-0.4
0.0
0.2
-0.2
-0.2
-0.1
-0.4
0.3
0.5
0.0
0.2
-0.3
-0.502
-0.397
0.403
0.203
-0.2
-0.5
-0.4
0.192
-0.397
0.203
-0.4
-0.2
0.5
-0.2
-0.2
-0.4
-0.4
-0.4
0.3
0.0
0.2
0.5
0.2
-0.3
0.3
0.3
0.1
-0.5
0.398
-0.197
-0.397
0.203
-0.3
0.4
0.1
-0.108
-0.197
-0.097
0.4
0.5
0.1
0.4
0.0
-0.3
0.4
0.3
0.3
-0.5
-0.4
-0.4
-0.1
0.3
0.1
-0.1
-0.3
-0.2
0.295
-0.296
0.003
0.403
0.4
-0.5
-0.4
-0.008
-0.197
0.503
0.1
0.5
0.2
-0.4
0.0
0.2
-0.4
0.4
-0.1
0.4
0.2
-0.5
-0.5
-0.2
0.2
-0.3
0.5
0.2
-0.2
-0.301
0.003
-0.397
