-0.07026
0.43096
0.33255
-0.35697
0.24817
0.39652
0.01559
-0.16032
-0.19222
0.10705
0.22788
0.16903
-0.33874
-0.44875
-0.62263
-0.67314
0.84136
0.08247
0.3752
0.32845
0.69109
0.38941
-0.08599
-0.6789
0.1832
-0.11588
0.16282
-0.37265
-0.14501
0.30643
-0.5172
-0.2993
-0.26954
0.23169
-0.46749
-0.35759
-0.05259
-0.20144
-0.27371
-0.05586
-0.28889
-0.18419
0.23428
-0.33489
-0.54851
-0.48668
0.16465
-0.14553
0.53119
0.30572
0.50739
0.53509
-0.20226
0.49081
-0.11365
0.16781
-0.02073
-0.20682
-0.21974
0.24248
0.32981
-0.59152
-0.59915
-0.09329
-0.37021
0.53102
0.23279
0.4431
0.05052
-0.29705
-0.1536
-0.37842
0.41584
-0.09609
-0.08766
0.44412
0.01921
-0.65624
-0.45745
0.58588
0.40445
0.40827
0.49304
-0.27261
0.38965
0.08812
-0.54028
-0.1661
-0.34709
0.01335
-0.66749
-0.3628
-0.14648
0.25566
0.04773
0.32226
-0.27041
0.13082
-0.368
0.04205
-0.44836
-0.49243
0.03084
-0.59704
0.11704
0.38055
-0.10982
-0.28176
0.1754
-0.36043
-0.29014
0.26536
0.18284
0.57778
-0.11495
0.09936
0.08024
0.3178
-0.25746
0.46835
0.26595
-0.06719
-0.28216
0.10893
-0.00691
0.39544
0.13457
-0.26753
-0.47195
-0.37067
-0.26847
0.54176
-0.4509
0.10402
-0.55293
-0.17142
-0.56266
-0.08246
0.31782
0.0097
0.32358
0.63215
-0.07034
0.32112
0.44193
0.00253
0.24452
-0.05683
0.32915
0.45985
0.2551
-0.17746
-0.114
0.19653
0.27396
0.39057
-0.40373
0.30367
0.33428
-0.14625
-0.27192
-0.47072
0.03056
0.14113
0.34346
0.50299
0.15152
-0.36099
-0.23751
-0.45911
-0.36159
0.27975
-0.39047
0.13317
0.58411
0.41416
-0.45224
0.0397
-0.20825
-0.42669
0.48411
0.23831
0.62453
0.60408
-0.57078
0.26193
0.06179
-0.50038
0.3931
-0.59668
-0.56472
-0.46425
0.32907
0.03015
0.32983
-0.16037
0.34282
0.19995
0.44178
0.02082
0.15052
-0.364
0.2227
0.4382
-0.02998
-0.06863
0.593
0.41673
-0.11019
-0.42202
-0.105
-0.446
-0.07902
0.03581
0.10722
0.20549
-0.44577
-0.52335
-0.49649
-0.02202
0.25646
-0.49084
0.43021
-0.06921
0.32936
-0.16953
0.2284
-0.06128
0.54059
0.00386
0.23883
0.40948
0.21316
0.514
-0.22515
0.467
0.51458
-0.16229
0.1769
0.00881
0.03469
0.00418
0.45901
0.1014
0.37359
-0.40095
0.00413
0.13869
0.06054
0.48734
0.3748
0.36683
-0.08266
-0.56648
0.22245
0.02366
-0.47011
-0.36879
-0.27347
0.13641
-0.2611
-0.49214
-0.36018
-0.28907
-0.22692
-0.40493
0.13016
-0.10205
-0.02759
0.44599
-0.02284
-0.75545
-0.532
-0.18135
-0.27651
-0.01625
-0.28582
-0.59374
0.21568
0.54398
0.38343
-0.39233
0.27262
-0.33981
-0.08278
0.44491
0.32301
0.42315
-0.46969
-0.36837
0.22633
-0.26451
-0.35972
-0.11382
-0.0852
0.01341
0.25655
-0.02458
0.09697
0.59299
0.08088
0.75318
0.49456
-0.02046
-0.00939
-0.57602
0.0784
-0.43015
-0.46858
-0.43375
-0.03131
0.24026
0.475
-0.13118
0.42752
0.2635
0.1776
-0.56192
-0.27588
0.32325
-0.16984
-0.16859
0.12563
0.33544
0.34276
-0.14755
0.37734
0.01491
0.40449
-0.1105
0.51715
0.01614
0.35203
0.41923
0.27245
-0.1677
0.07962
-0.28632
0.178
-0.50734
-0.51962
-0.25279
-0.14624
-0.36967
-0.01427
0.06732
0.55952
-0.43503
0.14725
-0.55616
-0.18771
0.41387
-0.45829
0.52414
0.40409
0.11338
-0.27528
-0.16271
-0.55227
-0.62217
-0.49155
-0.46457
-0.21173
0.57861
0.40371
-0.62465
0.39589
-0.53715
0.42971
-0.12107
-0.41339
0.31762
0.43636
-0.12073
0.29435
-0.02157
-0.20895
-0.03022
0.54938
-0.07156
-0.47201
-0.55951
0.31069
0.2216
-0.0282
-0.20221
0.34588
0.35482
0.07128
-0.20763
-0.62536
-0.30171
0.26416
0.00102
-0.10399
0.58674
0.33248
-0.50682
-0.25941
0.37089
-0.52028
-0.26645
0.05421
-0.22949
-0.1226
0.22506
0.15242
-0.43864
-0.02462
-0.0361
0.25802
0.15717
0.51812
0.38718
-0.47666
-0.05361
-0.32861
0.19696
0.24584
0.35306
-0.33247
-0.3235
-0.24482
-0.42754
0.27396
0.49365
0.49241
0.67881
0.4806
0.16513
0.07145
0.46301
0.57561
-0.04594
0.01299
0.58947
0.4582
0.54599
0.33469
0.53666
0.15634
-0.23965
0.54438
-0.05432
0.71392
0.13822
0.27142
0.31141
0.16799
0.19879
0.25245
-0.14109
-0.34564
-0.60611
-0.46736
-0.57884
-0.12856
0.49274
-0.23673
0.70928
0.60515
0.17399
0.13977
-0.43026
-0.0466
-0.00551
-0.02238
0.47135
0.04882
0.43438
0.72868
0.65791
0.09473
0.08908
0.54967
0.15035
0.39579
-0.57911
0.25283
0.19371
0.4276
-0.17183
0.1275
0.13518
0.54391
-0.54049
-0.0161
-0.55131
-0.06027
-0.05858
-0.06406
-0.07789
0.1176
0.56788
-0.17294
-0.33546
0.33739
0.48081
-0.13695
0.42038
0.06247
-0.16517
0.62908
0.55715
0.59517
-0.20071
0.77673
0.25219
0.54797
0.25226
0.37438
0.05926
-0.27237
-0.37116
0.22799
0.34729
0.0526
0.02972
0.50681
-0.2434
-0.05564
-0.05717
-0.15884
0.45943
-0.58863
0.42289
-0.37507
-0.40988
-0.32388
0.13447
0.32896
-0.3194
0.22288
-0.11193
-0.31059
0.19037
0.2024
0.26017
0.17834
0.46108
0.34837
0.35363
-0.45377
0.20528
0.42724
-0.47161
0.02348
0.46376
0.44058
-0.57936
0.46338
0.49961
0.21697
-0.05879
-0.25638
-0.41389
-0.51207
0.33844
0.25626
-0.42721
-0.02693
0.4409
0.23628
-0.06839
-0.56122
-0.51523
0.0574
0.41507
0.41342
-0.06453
-0.15486
0.38935
-0.14613
-0.34896
0.14264
-0.14062
0.12702
0.14354
-0.51597
0.32334
-0.58754
-0.51053
0.38292
-0.28851
0.01772
0.08845
-0.71138
0.23793
0.39599
-0.44948
-0.1675
-0.24698
0.34414
-0.27886
0.37885
0.04377
-0.16208
0.34014
-0.47489
-0.46285
0.1422
-0.69783
0.34201
0.47394
-0.1973
0.20853
-0.18184
-0.14448
-0.16876
-0.2508
0.3811
-0.32725
0.44441
0.39713
-0.40718
0.49397
0.59311
0.14266
0.26052
-0.59997
-0.08252
0.12374
0.42195
0.22902
-0.56475
-0.35003
0.03616
0.14905
0.34202
0.03473
0.02547
-0.46753
0.44506
-0.53395
-0.2163
0.55679
0.51256
-0.2204
0.09441
0.09485
-0.16689
-0.14838
0.28249
0.052
0.12843
0.05478
0.51674
-0.20712
-0.20176
-0.16179
-0.13998
-0.19588
-0.59228
0.10437
-0.19305
0.22169
-0.07538
-0.0731
0.3836
0.52634
-0.29155
-0.09756
0.09401
0.01753
-0.05988
-0.40411
-0.11235
-0.14372
0.47339
0.49599
0.39386
0.68988
-0.36933
0.3504
-0.01736
-0.40653
-0.47694
0.0701
-0.34385
0.34519
-0.34442
0.54835
0.28709
-0.21286
-0.01283
0.38672
0.1892
0.30879
0.42774
0.2259
0.50659
-0.45439
-0.16634
0.48838
-0.51659
-0.31077
0.2972
0.35229
-0.20602
0.48291
0.48404
-0.4168
-0.42279
0.17682
0.52944
0.34936
-0.41731
0.3172
0.07665
0.53386
0.42617
0.415
-0.37252
0.32551
0.32823
0.1312
0.02599
-0.37234
-0.46978
-0.35056
-0.57167
-0.37123
0.00488
0.03785
0.33147
0.33134
0.32971
0.03024
-0.3719
-0.37331
0.02262
0.4237
0.02411
0.42535
-0.37279
0.42761
-0.06953
0.05012
0.48382
-0.18107
-0.22218
-0.06658
-0.37329
-0.18363
-0.47552
0.02715
-0.16931
0.22858
-0.27467
-0.07532
-0.37464
-0.05185
0.32629
-0.57271
-0.49811
0.53375
0.426
0.2261
0.12426
0.02374
-0.37922
0.22447
-0.37592
0.1261
0.22922
0.12866
0.12704
0.32811
0.33111
0.25049
0.0836
-0.48084
-0.42015
-0.46515
0.4291
0.31716
0.52349
-0.47552
-0.37195
0.42708
0.02304
0.22502
0.52647
-0.45216
-0.17444
-0.57482
0.49894
0.43179
-0.17437
0.32438
0.02374
-0.47595
-0.27646
0.42608
0.32389
-0.07585
-0.37072
0.32943
-0.36993
0.03003
0.13132
-0.44871
0.48564
-0.17846
-0.11932
0.33718
0.03117
-0.47894
-0.07225
-0.0715
-0.37031
-0.37196
-0.47706
-0.07661
0.42522
0.54294
-0.17977
-0.28028
-0.40494
-0.27139
0.52287
0.02317
0.02359
-0.07211
0.12619
0.52679
-0.47289
0.2274
0.2315
0.43205
-0.06824
0.53204
0.03199
-0.04818
0.0861
0.12227
0.57984
0.53718
0.23228
-0.27476
-0.46899
-0.4685
0.13308
-0.46866
0.42665
0.42686
-0.27161
-0.05734
-0.03094
0.42448
-0.50015
0.33507
-0.17115
0.12866
0.02926
0.42984
-0.17056
-0.17061
0.12948
0.3295
0.33212
0.53374
-0.26584
-0.466
0.332
0.34716
-0.00113
-0.44844
0.16029
-0.36479
0.23241
-0.27266
-0.46827
0.33223
-0.26718
0.03228
-0.27113
-0.37107
-0.17015
0.13733
-0.24966
-0.34675
0.30832
-0.16616
-0.46978
0.32985
-0.27001
0.22999
0.12999
-0.17001
0.42982
0.22932
0.22685
0.13173
0.0334
-0.3667
-0.17001
-0.07
-0.46985
-0.26984
0.52936
0.12925
0.42948
0.12985
0.13008
0.33001
0.43033
0.13003
0.12965
0.52991
0.43003
0.33026
0.43023
0.43001
0.52992
-0.06991
-0.06978
-0.47015
0.42999
-0.27001
0.02999
-0.47001
-0.06996
-0.0701
-0.07061
-0.37058
-0.27061
0.02933
0.22999
-0.27
-0.46985
0.13016
0.22934
-0.07077
0.32959
0.12996
0.22979
-0.07028
0.33003
-0.17028
0.42975
0.03002
-0.46996
-0.26972
-0.16977
0.02994
-0.07008
-0.46991
0.13022
0.32985
0.32999
-0.27001
0.42999
0.02999
0.03004
-0.17011
-0.2706
0.42942
0.0294
-0.37074
0.52999
0.33
0.43013
0.43016
-0.37062
-0.47077
-0.27044
-0.26993
0.5299
0.52983
-0.26995
0.02972
-0.47025
-0.16998
-0.36996
-0.06972
0.33023
-0.47006
0.32992
-0.36991
-0.26978
0.42985
0.52999
0.52999
-0.17001
-0.37001
0.33005
0.52996
-0.3705
0.52949
-0.37042
0.02926
0.32999
0.22999
-0.46999
-0.36994
-0.37058
-0.47072
0.12954
0.43007
-0.47009
0.02984
-0.37004
-0.37027
0.32976
0.22993
0.32995
0.33028
-0.06977
-0.47004
-0.17007
-0.26991
0.43025
0.42988
-0.07001
0.32999
0.12999
-0.17002
-0.26998
0.03005
0.52997
-0.07049
0.12958
0.42929
