-0.5
0.1
0.3
0.2
-0.182
0.81
0.525
1.325
0.525
0.956
0.924
1.078
1.278
1.951
1.674
2.332
2.771
2.871
2.871
2.218
1.766
1.257
1.636
0.636
0.47
1.225
0.403
0.103
0.0
-0.4
0.2
0.4
0.118
0.81
0.525
1.125
1.425
1.948
1.802
2.157
2.237
2.217
1.541
2.032
2.771
2.471
2.071
2.319
2.647
2.403
2.463
1.705
1.493
1.48
0.803
0.703
-0.4
0.2
0.1
0.3
0.318
0.21
0.525
1.988
1.407
2.62
2.463
1.547
1.867
1.532
1.984
2.059
2.071
2.271
2.571
2.009
2.456
2.077
2.935
2.459
2.392
1.547
0.903
0.703
0.1
0.2
0.5
0.5
0.018
0.947
1.146
2.105
1.631
2.211
1.286
1.665
1.64
1.963
1.456
1.349
2.059
1.094
1.909
2.034
1.333
1.33
1.924
2.38
2.349
1.545
0.798
1.132
-0.4
-0.2
-0.5
-0.3
-0.082
0.237
0.859
1.146
1.571
1.078
0.459
0.375
1.208
0.649
0.507
1.122
0.963
0.462
-0.241
0.309
1.505
1.708
1.949
1.241
1.525
1.087
0.866
1.132
-0.2
-0.1
-0.2
0.1
-0.282
1.036
0.963
1.183
1.902
1.637
1.254
1.219
0.286
0.151
0.062
0.758
0.562
0.062
-0.221
1.055
1.239
1.033
1.442
1.941
1.225
1.487
0.548
1.248
-0.5
-0.4
-0.5
-0.2
0.618
1.185
1.386
1.235
1.528
0.768
0.962
0.386
1.143
0.338
-0.435
0.662
0.162
0.762
-0.14
0.781
1.262
0.91
1.14
1.465
1.858
0.7
0.313
0.711
-0.5
-0.2
0.3
-0.5
-0.382
0.742
0.894
1.685
1.028
0.79
0.442
1.142
0.594
0.371
-0.335
0.084
0.884
0.815
0.485
1.069
1.598
2.022
1.277
1.455
0.98
1.471
0.066
0.466
0.2
-0.1
-0.4
0.2
0.218
0.4
1.346
1.382
0.994
1.849
1.607
1.256
0.863
1.035
0.303
0.553
0.987
1.226
0.531
1.207
1.323
1.822
2.107
1.9
1.152
0.75
0.466
0.366
0.3
-0.1
0.1
0.1
0.418
0.391
1.446
1.146
1.441
1.943
1.505
0.607
1.299
0.903
0.568
0.936
1.366
1.066
1.346
1.81
1.394
1.211
1.823
1.672
1.05
0.453
1.269
0.713
-0.1
0.1
-0.2
0.2
-0.082
1.092
1.146
1.385
1.484
1.299
0.737
1.628
0.683
1.091
0.657
1.807
1.636
1.324
1.0
1.286
2.049
1.276
1.447
1.975
1.287
0.124
0.724
0.624
0.4
0.1
-0.3
-0.3
-0.282
1.091
1.218
0.87
1.645
0.712
0.438
0.856
1.449
0.758
1.124
1.486
1.562
1.667
0.93
1.968
2.179
1.813
1.934
1.825
0.9
1.446
1.124
0.524
-0.4
0.1
0.2
0.0
0.218
0.827
0.748
1.568
2.164
1.551
0.919
0.886
0.54
1.068
0.825
1.276
1.891
1.037
1.348
1.121
2.209
2.07
1.702
1.464
1.228
1.586
0.446
0.646
0.4
0.2
-0.2
0.552
0.657
0.464
1.03
0.502
1.664
1.333
1.422
0.884
0.196
1.123
0.485
1.165
1.586
0.786
1.048
1.125
1.643
0.284
1.07
1.05
1.181
1.569
0.869
1.169
-0.2
0.2
0.5
-0.107
0.357
1.358
0.63
1.867
1.495
1.663
0.78
0.837
1.344
0.754
1.513
1.21
1.81
1.71
0.428
0.915
1.414
0.343
1.731
1.704
1.561
1.108
1.208
1.108
0.4
0.5
0.5
0.193
0.957
0.467
0.53
1.463
1.846
1.31
1.106
1.365
0.395
1.007
0.464
0.761
1.055
0.768
0.173
1.066
0.465
1.043
1.728
1.901
1.826
1.709
1.796
1.893
0.0
0.0
-0.1
0.546
0.657
0.937
0.567
1.215
1.734
1.453
1.355
1.339
0.518
0.651
0.712
1.203
1.299
1.299
0.19
0.997
1.145
1.248
2.075
1.893
1.695
1.958
1.091
0.893
-0.1
-0.3
-0.4
0.597
1.013
1.361
0.644
1.12
1.175
1.753
1.123
1.019
0.925
0.501
0.861
0.977
0.639
0.924
0.12
0.131
1.663
0.937
1.532
0.964
1.656
1.301
0.323
0.234
0.0
0.3
0.3
0.544
1.162
1.464
1.58
2.286
1.361
1.877
1.356
2.132
1.107
1.721
1.626
1.73
2.156
2.24
0.998
1.127
1.786
1.59
2.397
2.035
1.244
1.673
1.05
0.265
0.2
-0.3
0.1
0.044
1.271
1.585
1.668
1.263
2.242
2.088
1.919
2.289
2.183
1.783
2.288
2.654
2.275
2.475
1.557
2.331
2.119
1.819
1.75
1.64
0.933
1.949
1.083
0.702
0.1
-0.1
-0.4
0.238
0.116
1.284
1.423
1.675
1.442
1.976
2.24
1.963
1.752
2.27
2.39
1.945
1.581
2.581
1.339
1.793
1.219
1.862
1.448
1.452
0.724
1.411
1.063
0.663
0.0
-0.1
0.1
0.238
0.342
0.528
0.919
1.18
0.697
1.267
0.72
0.869
1.692
1.687
1.275
2.11
1.406
1.606
0.62
0.894
1.526
0.717
0.827
0.481
0.935
0.564
0.464
0.664
-0.5
-0.4
0.4
-0.162
-0.246
0.454
-0.4
0.4
-0.3
0.0
-0.1
-0.2
0.5
-0.2
0.0
0.0
0.5
-0.2
0.2
0.3
0.0
-0.3
-0.4
-0.3
0.269
0.054
0.754
0.154
0.2
-0.1
-0.1
0.338
0.754
0.154
0.4
0.4
0.3
0.3
0.4
0.2
0.2
-0.1
0.2
-0.5
0.5
0.2
-0.4
0.1
-0.3
0.0
-0.4
0.4
0.569
0.654
0.554
0.254
-0.5
-0.4
-0.4
-0.162
0.154
-0.246
-0.5
-0.1
0.0
0.3
0.4
0.4
-0.1
-0.2
0.3
-0.4
0.3
-0.2
0.4
-0.5
-0.4
-0.2
0.4
0.0
-0.231
0.754
0.454
-0.246
0.1
0.2
-0.1
-0.162
0.454
0.154
0.2
-0.2
0.2
0.2
0.2
-0.4
0.3
0.2
-0.1
0.3
0.3
0.3
-0.1
0.4
0.1
0.5
0.1
0.0
0.069
-0.146
0.354
-0.146
-0.4
-0.4
0.2
0.038
-0.146
0.154
0.0
-0.4
0.0
-0.3
-0.1
-0.2
0.0
0.5
-0.1
0.0
-0.5
-0.1
0.4
0.0
-0.4
0.2
0.2
0.5
-0.232
0.571
0.754
0.154
-0.1
0.3
0.2
0.338
0.554
0.054
-0.1
0.0
0.1
0.2
-0.1
0.5
0.2
0.5
0.1
0.5
-0.2
-0.5
0.2
-0.3
-0.5
0.2
-0.2
0.0
-0.3
0.751
0.654
0.454
