0.2
-0.1
-0.2
0.0
-0.118
-0.061
0.732
1.032
1.132
0.934
0.852
0.207
0.207
1.31
1.257
1.966
2.102
2.402
1.602
1.812
1.912
0.845
0.713
0.416
0.516
0.732
0.838
0.938
0.4
0.2
-0.4
-0.2
-0.118
0.339
0.332
0.732
0.432
1.745
1.951
1.427
1.919
1.681
1.366
1.966
1.902
1.902
1.902
2.004
1.753
1.856
1.399
2.327
0.974
1.135
0.438
0.738
0.0
-0.4
-0.4
-0.5
-0.018
0.439
0.532
1.425
1.999
1.691
2.041
1.337
1.654
2.166
2.377
1.914
2.302
2.102
2.402
1.8
2.191
2.372
2.218
2.037
1.009
0.96
0.738
0.138
0.4
0.2
-0.3
0.0
-0.318
-0.078
0.8
1.254
1.398
1.157
1.102
0.449
1.371
1.022
0.821
0.929
1.427
0.796
0.329
1.109
1.557
0.73
1.325
1.464
1.72
1.672
0.273
0.571
-0.5
-0.1
0.0
-0.2
-0.018
0.521
1.004
0.889
1.211
1.459
1.417
-0.029
0.393
-0.054
0.417
0.578
0.291
-0.26
0.332
0.001
0.403
1.392
1.026
1.367
0.758
1.612
0.704
0.522
0.5
0.3
0.1
0.4
0.482
-0.052
0.419
1.324
1.07
0.438
0.76
-0.107
0.152
0.748
-0.105
0.362
-0.06
0.64
-0.388
0.2
1.248
0.65
1.223
1.867
1.558
0.812
0.833
0.933
0.1
-0.2
0.5
0.1
0.182
0.703
0.432
0.848
1.136
0.256
0.402
0.147
0.227
0.306
-0.525
0.24
-0.26
-0.16
0.287
0.85
0.554
0.576
1.348
1.529
0.843
1.513
0.425
0.412
0.4
-0.4
-0.2
0.3
-0.318
0.221
1.428
1.532
0.636
0.695
1.171
0.325
0.34
0.21
0.075
0.359
0.859
0.742
0.022
0.567
0.617
0.782
1.608
0.692
0.823
0.559
0.54
0.74
0.2
-0.4
-0.4
-0.4
-0.318
0.39
1.243
1.075
1.128
0.919
0.533
0.726
0.288
0.695
0.369
1.39
1.251
1.015
0.776
0.711
1.26
1.908
1.011
0.986
1.227
0.603
0.84
-0.06
0.1
0.2
0.5
0.1
0.382
0.091
1.243
0.843
1.259
1.666
1.586
0.697
1.034
0.408
1.283
1.027
1.628
1.328
1.306
1.485
0.829
1.199
0.783
0.705
0.87
1.069
0.346
0.347
0.1
-0.2
-0.1
0.3
-0.018
0.391
0.343
0.579
1.344
1.635
1.507
0.92
1.444
1.423
0.898
1.641
0.746
1.095
0.694
1.69
2.055
1.322
1.277
1.139
0.297
0.949
1.149
0.149
0.2
-0.1
0.3
-0.4
-0.418
-0.204
1.33
0.967
0.804
1.017
0.948
1.208
1.356
0.441
1.296
1.458
0.836
1.345
1.091
0.809
1.359
1.667
1.632
1.24
0.933
0.443
1.149
0.549
-0.5
0.3
0.3
-0.1
0.282
-0.131
0.202
1.322
1.429
0.613
0.931
0.295
0.031
0.167
1.037
1.283
0.274
0.499
0.535
0.835
1.955
1.867
1.526
1.003
1.741
1.205
1.143
1.243
0.0
0.3
0.5
-0.324
-0.082
0.507
1.195
0.253
0.329
1.032
1.155
0.37
0.253
0.229
0.806
0.258
0.584
0.184
0.309
0.819
0.552
1.039
0.863
1.323
1.834
1.348
1.548
1.748
0.2
0.0
-0.5
0.281
-0.182
0.357
0.995
1.532
1.544
0.574
1.278
0.382
0.184
0.374
0.072
1.237
0.537
0.737
0.203
0.005
-0.091
0.627
1.136
1.042
1.78
1.884
1.084
1.884
-0.5
0.2
-0.1
-0.119
-0.282
-0.046
0.995
0.674
0.986
0.445
0.97
0.027
0.426
1.016
0.114
0.879
0.977
0.705
0.227
-0.253
0.051
0.927
1.727
0.827
1.371
1.237
0.944
1.401
-0.4
-0.1
-0.4
-0.321
0.718
0.825
1.042
0.581
1.486
1.343
1.269
0.128
0.512
1.028
0.204
0.651
0.104
0.804
0.828
0.346
0.236
0.841
1.188
1.642
1.158
1.82
1.639
0.901
0.5
-0.1
0.0
-0.48
0.094
0.561
0.842
0.382
1.327
1.442
0.897
1.322
0.83
0.363
0.341
0.426
0.756
0.479
0.592
0.624
0.524
1.666
1.358
1.086
1.651
1.719
0.631
0.595
0.4
0.4
0.0
0.46
0.223
0.638
0.794
0.994
1.164
1.963
1.877
1.686
1.514
2.083
2.035
1.744
1.64
2.35
1.27
1.779
1.966
1.862
1.88
1.769
1.626
1.112
0.166
0.39
0.5
-0.3
0.4
0.26
-0.143
0.726
1.072
0.834
1.216
1.812
2.291
2.022
1.525
2.425
1.922
2.468
1.997
2.197
1.291
1.855
1.308
1.208
0.916
1.609
0.818
0.746
0.224
0.799
0.1
-0.1
-0.1
0.246
0.721
0.286
0.373
1.031
0.745
1.68
2.224
1.488
1.584
1.626
2.122
1.36
1.922
1.522
1.539
1.205
1.472
1.114
0.922
0.987
0.313
0.805
0.62
0.52
-0.1
-0.5
0.5
-0.254
0.289
0.303
0.154
-0.087
0.75
1.18
1.259
0.844
1.043
1.44
1.54
1.855
0.97
1.47
0.798
1.331
0.974
0.654
0.55
-0.073
0.379
0.377
0.077
0.377
0.0
-0.1
-0.4
-0.054
0.455
0.355
-0.4
0.4
-0.4
-0.3
-0.3
-0.1
0.1
-0.5
0.2
-0.5
0.5
-0.4
0.4
-0.1
0.3
0.2
-0.1
-0.4
-0.057
-0.045
0.555
0.055
0.1
-0.4
-0.4
-0.154
-0.245
0.355
-0.4
0.4
-0.5
0.3
0.3
-0.5
-0.1
-0.3
0.3
-0.5
-0.4
0.4
-0.3
-0.5
-0.4
0.1
0.5
0.3
-0.057
0.555
-0.145
-0.145
0.1
0.3
-0.3
-0.154
0.155
-0.245
0.1
-0.2
-0.5
0.5
0.1
-0.5
-0.5
0.1
-0.5
-0.2
0.1
-0.2
-0.5
0.3
-0.1
-0.3
0.2
0.0
-0.057
0.255
0.655
0.355
-0.2
-0.3
-0.3
0.446
-0.245
0.455
-0.4
-0.5
-0.2
-0.4
-0.3
0.2
-0.2
0.3
0.1
0.3
0.3
-0.1
0.5
0.4
-0.3
0.5
0.2
-0.2
-0.357
-0.345
-0.145
-0.245
-0.3
-0.4
-0.1
-0.454
-0.045
0.655
0.5
0.1
-0.5
0.2
0.5
0.0
0.3
-0.1
-0.4
-0.5
0.2
0.0
0.3
-0.2
0.2
-0.2
-0.1
0.4
0.541
0.159
-0.345
0.555
-0.3
0.2
-0.2
-0.454
0.555
0.055
0.1
-0.5
-0.1
0.3
-0.5
0.4
0.5
-0.5
0.2
0.5
0.2
0.4
0.3
0.2
0.3
0.0
-0.1
0.3
0.5
0.362
-0.345
-0.045
