0.6973
0.69802
0.69964
0.00671
0.41423
0.86743
-0.10894
0.05986
-0.17683
0.02171
0.54421
-0.12235
0.37578
-0.05308
0.35987
-0.34783
1.61186
1.48263
1.26691
1.72384
1.55831
1.36268
-0.0348
-0.13867
-0.11153
0.28382
0.57252
0.44549
0.28171
-0.05919
-0.0625
0.67879
0.39849
0.29921
0.20013
0.10675
0.6148
0.67255
0.01167
0.069
0.13763
0.33981
0.25644
0.7736
0.73483
0.46805
0.18245
0.76379
0.93825
1.79905
1.70377
1.63687
1.47101
0.566
0.3572
0.17425
0.38574
-0.21907
-0.23343
-0.17989
0.29272
0.1896
-0.22638
0.50435
-0.10202
0.19869
0.5993
0.10663
-0.07835
0.18189
0.12478
-0.04448
0.23424
0.40533
0.69366
0.29523
-0.2831
-0.2797
0.41687
0.86289
1.70946
1.41159
1.39373
1.53248
0.56644
1.06761
0.16262
-0.0813
0.58988
0.55506
-0.0856
0.59844
0.15534
0.28806
0.23329
0.52823
0.29741
0.59813
0.59899
0.70756
0.43331
0.80916
0.36544
-0.14925
-0.01479
0.58513
0.35844
0.72024
0.22409
-0.43837
0.19114
0.76914
1.00643
1.32569
1.23698
1.7524
1.22836
1.37324
1.35543
1.54257
-0.12286
-0.432
0.7657
0.75322
0.70995
-0.27999
0.01111
0.1111
0.798
0.89843
0.40014
0.60933
0.64222
0.51501
0.71226
0.00142
0.49905
0.47151
0.55083
0.24841
0.09635
0.62019
0.8826
1.00323
0.58741
0.49703
0.44805
0.3036
0.61598
1.33526
1.82696
1.64224
0.00748
0.18268
0.11463
0.03957
0.44876
-0.04306
0.38303
0.1034
0.69706
0.79764
0.10282
0.71141
0.14132
0.11402
-0.04971
0.16681
0.14837
0.49482
0.37985
-0.36558
0.58059
1.3744
1.49495
1.4171
-0.55213
0.21848
0.34591
-0.60117
0.05377
1.39768
0.87315
1.41658
-0.14711
0.35975
0.76871
-0.03373
-0.25469
0.15296
-0.02674
-0.02575
0.19777
0.59834
0.50101
0.81057
0.53232
0.9113
0.01524
-0.27868
0.31722
-0.11812
0.61861
-0.18892
0.57
1.38095
1.42379
1.62931
-0.01095
-0.25669
-0.09897
-0.13093
0.4695
1.49223
1.25976
1.61025
0.95171
-0.15825
-0.3039
0.80443
-0.08151
-0.12175
0.4018
-0.09716
0.49814
0.19869
0.49879
0.80748
0.62437
0.91064
0.29813
0.49814
0.28252
0.31641
0.27514
0.19975
0.46023
1.75303
1.09795
0.30096
0.46521
-0.08177
0.35894
0.07596
0.16904
0.14242
0.82483
0.83456
1.38736
1.06092
0.04339
0.54576
0.21167
-0.24231
0.32207
0.82264
0.49728
0.79781
0.59738
0.5053
0.02564
0.71109
-0.19124
-0.29104
0.44514
-0.35587
0.40901
0.62592
1.62524
1.01995
0.63948
0.18879
0.06761
0.18095
0.70951
0.51684
0.46243
-0.27707
0.61244
1.14193
1.28282
1.10785
0.10424
0.15336
0.74873
0.14231
0.50933
0.01019
-0.10353
0.39699
0.89738
0.80541
0.82846
-0.11565
-0.2251
0.70579
0.5969
-0.13137
-0.41248
0.52999
1.14119
1.11246
-0.07694
-0.08639
0.12118
0.32117
0.07265
-0.13871
-0.23473
0.16241
0.56911
1.72982
1.09286
1.32054
0.12311
0.61739
0.43608
0.25046
-0.12246
-0.02151
0.19651
0.59702
0.79701
0.20542
0.32861
0.1444
-0.07227
0.60619
0.51322
-0.26795
-0.03183
1.03137
1.46066
0.59849
-0.17778
-0.39422
0.52311
0.32052
0.27934
0.69042
0.34427
0.56873
-0.02538
0.41803
1.61135
1.22625
0.75932
0.34009
0.28968
0.55831
-0.17518
0.24132
0.50786
-0.11016
-0.12299
-0.11417
0.30772
0.72825
-0.20399
0.37837
-0.52469
0.00243
1.11424
1.23742
0.85902
0.10912
-0.00547
0.63882
-0.01197
0.10204
0.80462
-0.09697
0.11169
0.31436
-0.28037
-0.19307
1.40361
0.83511
1.31649
0.22558
0.71425
0.26344
0.69195
0.53951
0.03653
-0.13378
-0.07801
0.13098
0.06032
0.18502
0.10143
0.18016
0.40403
0.77526
1.12835
1.61607
0.82062
0.03454
0.00118
0.22715
0.2692
0.4821
0.79622
0.60743
0.41742
0.77239
-0.05034
-0.11503
1.10481
1.0544
1.86932
1.75115
1.0652
0.41054
0.43429
0.13002
0.4388
0.36856
0.22296
-0.16878
0.35363
0.26954
0.00981
-0.15337
1.51227
0.92869
1.23952
0.83177
0.86842
1.38034
0.86342
0.62237
1.44294
1.47807
1.23051
0.81292
0.7852
0.79191
1.68082
1.4797
0.97671
1.29808
1.88649
1.87147
0.73547
-0.1651
-0.35075
-0.29042
0.53933
0.17268
0.0309
0.2384
0.74186
-0.13949
-0.19749
-0.4552
0.91286
0.84188
1.81791
1.18456
0.79255
1.44788
0.698
0.73268
1.32409
1.23151
1.01107
0.80289
0.98534
0.89999
1.10984
0.97699
1.54238
0.96821
0.84407
1.03125
0.70291
-0.11176
-0.40899
0.45244
0.80106
-0.09848
0.70329
0.01103
0.71596
0.37803
-0.34221
-0.14067
1.48204
1.19181
1.08187
1.76977
1.39273
1.65002
1.49133
1.63025
1.30959
1.01715
1.40054
1.28743
1.53601
1.70824
1.49317
1.47148
1.84135
1.39904
0.91307
0.86361
1.27602
1.38415
7.2E-4
-0.26141
0.60138
0.50233
0.1038
0.02422
-0.09584
-0.45507
0.98213
0.86694
1.52039
1.50622
0.81543
0.15054
-0.24114
0.13139
0.45094
0.62025
0.80542
-0.03712
-0.14109
0.02972
0.77477
0.14419
-0.06039
0.40887
-0.01135
-0.02088
1.6596
1.43491
1.57706
0.98455
0.88373
-0.67575
-0.10083
0.50003
0.10135
-0.05079
0.52949
0.262
0.96689
1.79204
1.80916
0.76978
0.77774
0.70583
-0.3293
0.62864
0.74288
0.23076
0.9649
-0.12171
0.16385
0.558
-0.13272
0.84976
0.35163
0.5519
0.31365
0.61047
0.90203
1.2498
0.90177
1.39923
0.79513
-0.34705
0.59719
0.81678
0.85114
-0.18246
-0.37034
-0.26368
0.42827
1.50733
1.0416
0.27511
-0.0156
0.10063
0.60218
0.47998
0.15998
-0.20671
0.58798
0.27181
0.74152
0.29991
0.39423
0.31312
0.01374
0.54384
0.59431
-0.27051
-0.3515
0.80602
0.85566
1.46172
0.79883
0.96148
0.90272
0.52468
0.34914
0.56415
-0.03886
0.45515
1.50647
1.70721
0.73941
0.43157
-0.58921
0.38943
0.47657
0.16489
0.16083
-0.3269
0.15794
0.26664
0.67266
0.09265
-0.11411
-0.11334
0.48641
0.10689
0.01279
0.41681
-0.23014
1.07387
1.15424
1.52018
1.65771
1.35404
0.20209
0.62579
0.64685
-0.23011
0.2314
0.9614
1.42081
0.98973
0.84206
0.86135
-0.54643
0.4705
0.62261
-0.01563
0.67757
0.16989
0.26215
0.35488
0.10911
0.48231
0.68514
0.62481
0.1108
0.11059
0.33133
0.30705
-0.06839
0.52326
1.02451
1.64645
1.24577
1.04272
0.09896
0.72369
0.44488
0.25416
0.17836
0.39913
0.48438
0.34854
0.32535
0.4831
0.06126
0.71088
-0.15215
0.24007
0.43087
-0.16024
0.44359
0.63448
0.52165
0.47336
0.57712
-0.14903
0.13958
0.0412
0.65395
0.67098
0.09904
0.52776
0.68224
0.38154
0.48051
0.68111
0.89741
0.42204
0.24271
0.75941
0.96845
0.12017
0.5271
0.79052
0.07498
0.28021
0.18301
0.38568
0.31002
0.00915
0.30004
0.22114
-0.02538
0.07395
0.06412
0.00172
0.29524
0.79336
0.59225
0.49283
0.2933
0.19213
0.09102
0.29586
0.3126
-0.08712
0.21478
0.21611
0.59832
0.9228
0.24273
0.26121
0.86965
-0.07957
0.42749
0.49371
0.17522
-0.02202
0.08284
0.38251
0.40697
0.50574
0.19678
0.61947
0.47346
0.27306
0.26317
0.60097
-0.10563
-0.10465
-0.0048
0.39487
0.3947
0.89537
-0.10535
-0.10097
0.91533
-0.08532
0.01546
0.91625
0.89893
0.42316
0.84303
0.66167
-0.02935
0.8213
0.42807
-0.00521
0.57581
-0.12197
0.58058
0.38216
0.20749
0.30619
0.49814
0.12139
0.27353
0.47303
0.5629
-0.09678
0.69624
0.89608
0.59651
0.79543
0.29434
0.59681
-0.00602
0.29811
0.01779
0.01647
0.31656
0.21684
0.2992
0.52357
0.44342
0.36072
0.87047
0.92355
0.53147
0.7991
0.57932
-0.11943
0.88217
0.8803
0.10483
0.30572
0.29643
0.61744
0.07141
0.67057
0.16121
0.80133
0.89525
0.09546
0.39577
0.89753
-0.00334
0.59724
0.39461
0.59821
0.0185
0.31737
0.01636
0.41664
0.79907
0.92364
-0.05627
0.56073
0.86823
0.72243
0.23134
0.89961
0.47941
0.28071
0.18303
-0.01843
0.10594
0.20687
-0.10263
0.71354
0.52453
0.5708
0.6618
0.50321
-0.10359
0.69699
0.09728
0.29786
-0.10247
0.79757
0.09365
0.69482
0.40953
0.4157
0.81586
0.01579
-9.3E-4
0.21731
0.45682
0.3947
0.24288
0.01587
0.02408
-0.00157
0.88483
0.58654
0.38754
0.08702
0.80573
0.60665
0.09761
0.90584
0.62149
0.60427
0.77032
0.50089
0.69674
0.59697
0.09701
0.29701
0.89701
0.69702
0.49516
0.69597
0.28572
0.20797
0.11235
-0.08774
0.69701
0.69702
0.49706
0.297
-0.10409
0.69587
0.89672
-0.10364
0.29629
-0.10387
-0.00334
-0.00356
0.89624
0.89697
-0.00301
0.7971
0.09702
-0.00343
0.49697
0.09687
-0.10326
-0.00303
-0.10299
0.79701
0.69701
-0.10298
0.29701
0.09704
0.29652
0.69613
0.5959
0.09546
0.49701
-0.10298
-0.10294
0.797
-0.10407
0.89587
0.09672
0.49622
0.59618
0.49602
0.59667
-0.00355
0.19625
0.69696
0.49699
-0.10291
-0.10289
0.69703
0.19698
0.09688
0.29674
-0.00303
-0.00299
0.19701
0.29701
0.79702
-0.10299
0.49704
-0.00348
0.89627
0.59599
-0.00408
0.69701
0.69702
0.19703
0.39697
0.29594
0.39587
0.3968
-0.10371
0.19624
0.49609
0.89672
0.89645
0.69628
0.29695
0.09698
0.29709
0.49711
-0.10297
0.39698
-0.10312
0.69674
0.49697
0.39701
0.49701
-0.10299
0.29702
-0.10297
0.8971
0.89662
0.39635
0.69597
-0.10408
0.49701
0.39702
0.69705
0.497
0.29632
0.19626
0.49683
0.59693
0.39684
-0.10331
0.79689
0.89681
0.49661
0.59696
-0.10301
0.49709
0.49711
-0.10297
0.59698
0.19688
0.79672
0.49698
0.79701
0.09701
0.79701
0.19702
0.19703
0.79702
0.39703
-0.00326
0.29632
0.59593
