-0.2
-0.3
-0.1
-0.3
0.034
0.738
0.853
-0.047
0.453
-0.007
0.35
0.49
1.09
1.787
1.536
1.753
1.203
1.403
1.903
1.898
1.142
1.5
1.302
0.707
0.623
0.353
-0.186
0.414
0.5
0.5
-0.5
-0.3
-0.266
0.638
0.853
0.053
0.853
0.991
1.348
1.203
1.716
1.595
1.754
1.653
1.503
1.403
2.103
2.107
1.463
1.156
1.265
1.249
1.806
1.311
0.014
0.414
0.0
-0.2
-0.5
-0.5
-0.066
0.638
0.053
0.324
0.86
1.489
2.038
1.227
1.496
2.053
2.21
2.21
1.903
1.903
1.203
1.344
2.069
2.0
2.137
1.62
1.396
1.615
0.314
-0.186
0.5
-0.3
-0.5
0.5
-0.066
0.237
1.171
1.021
1.072
1.559
1.722
1.547
1.455
1.758
1.671
0.675
1.524
1.403
0.655
1.704
1.35
1.491
1.284
2.125
1.59
1.213
0.41
0.008
0.3
0.2
0.3
-0.1
0.234
0.557
1.145
0.809
1.587
0.744
0.804
0.917
0.726
0.765
-0.078
0.2
0.542
0.133
0.442
0.159
0.337
0.796
0.765
0.897
1.427
0.957
0.451
0.37
0.1
-0.2
-0.5
-0.4
-0.366
-0.044
1.077
0.486
0.527
1.192
1.193
0.292
1.069
-0.103
0.035
0.305
0.133
-0.267
0.579
0.14
0.363
0.6
0.775
0.897
0.727
0.857
0.75
0.05
0.2
-0.3
0.0
0.1
-0.466
0.727
0.495
0.506
1.306
1.194
1.121
0.175
0.06
0.179
0.464
0.433
0.533
0.033
-0.139
-0.144
0.341
1.114
1.376
0.791
0.729
0.787
0.641
0.639
0.5
0.2
0.5
0.5
0.334
0.653
0.997
1.128
1.006
0.612
1.178
0.606
0.367
0.281
-0.036
0.84
0.64
0.971
0.105
0.516
1.206
0.857
1.082
0.791
1.504
0.842
0.007
0.007
0.3
-0.2
0.3
0.1
-0.466
0.123
0.863
0.493
1.003
0.616
1.284
1.418
0.652
0.828
0.996
0.775
1.007
0.478
0.493
0.85
0.994
1.427
0.667
1.073
1.342
0.683
-0.093
0.507
-0.4
-0.3
0.1
0.4
0.234
0.33
0.663
0.763
1.133
0.574
1.26
0.546
1.151
0.439
1.203
1.018
1.075
0.675
0.578
1.288
0.644
0.725
0.888
1.393
0.617
0.29
0.515
0.679
0.1
-0.3
0.1
0.2
0.534
0.13
1.163
0.413
1.516
0.622
0.92
1.544
1.055
0.804
0.468
1.085
1.641
1.628
0.815
0.807
1.107
1.523
0.86
1.518
0.885
0.324
0.124
0.324
0.5
0.1
0.1
0.1
-0.066
0.33
0.546
0.847
1.502
1.261
0.589
0.685
1.021
0.405
0.372
0.829
1.443
0.881
0.895
0.762
1.195
1.472
1.174
1.447
0.82
0.263
0.024
0.924
-0.3
-0.3
0.1
0.0
0.034
0.023
0.23
0.723
0.576
0.527
1.284
1.124
0.211
0.174
0.236
0.932
0.232
0.731
0.86
0.885
1.134
0.74
0.883
0.713
0.873
0.556
0.763
0.863
0.4
0.1
-0.1
0.165
-0.016
0.248
0.173
0.471
1.448
0.38
1.075
0.029
-0.158
0.12
0.584
0.84
0.492
0.092
-0.046
0.339
0.653
0.8
0.985
1.377
0.906
0.546
0.846
1.546
0.4
0.2
0.3
-0.336
0.384
0.647
0.373
1.572
0.461
0.958
0.985
0.724
0.026
0.767
0.129
0.898
0.298
0.298
0.375
0.362
0.867
0.76
0.378
1.571
1.626
1.396
1.196
0.696
0.2
0.1
0.5
-0.136
0.184
0.741
1.073
0.717
0.925
0.676
1.131
0.844
0.79
0.433
0.493
0.362
0.359
0.537
0.573
0.526
0.431
0.46
0.489
1.285
1.453
1.472
1.015
0.652
-0.5
0.3
0.2
-0.235
0.584
0.849
0.94
1.122
0.583
0.781
0.303
0.437
0.088
0.583
0.346
0.688
-0.158
0.442
-0.238
0.031
0.968
0.248
0.529
1.405
1.436
0.866
0.926
0.852
0.5
0.1
0.2
0.071
0.0
0.477
1.054
0.861
0.822
1.421
0.88
0.359
0.238
-0.143
0.224
-0.008
0.269
0.051
0.038
-0.127
1.05
1.13
1.384
1.318
1.002
0.643
0.743
0.332
-0.3
0.4
-0.2
0.075
0.041
0.441
1.07
1.941
1.251
1.442
1.75
1.67
1.27
1.975
1.776
1.606
1.993
1.861
1.095
1.138
1.294
1.06
1.06
1.071
1.603
0.893
1.032
0.97
0.5
0.3
-0.1
0.475
0.827
0.584
0.913
0.674
1.971
1.116
1.605
1.76
1.463
1.763
1.062
1.473
1.89
1.69
1.718
1.932
1.822
1.122
1.053
0.929
0.671
1.672
0.451
1.153
0.1
0.4
0.5
-0.13
0.669
0.648
0.892
1.082
0.695
1.494
1.834
2.039
1.548
2.064
1.164
1.287
1.488
1.588
1.99
1.747
1.754
1.243
1.248
0.733
0.362
0.643
1.102
0.702
-0.1
-0.4
0.1
0.27
0.251
0.205
1.085
0.583
0.597
0.824
0.61
1.346
1.551
1.316
1.531
0.989
1.442
0.842
0.92
1.216
0.706
1.078
1.172
0.412
0.703
0.227
0.227
1.027
-0.1
0.1
0.5
0.27
0.44
-0.26
-0.2
-0.3
-0.2
-0.5
0.2
0.0
0.2
0.2
0.2
0.4
-0.5
-0.2
0.4
-0.5
0.0
-0.2
-0.2
-0.4
0.73
-0.26
0.04
-0.26
0.4
0.5
-0.4
0.37
0.04
0.44
0.0
0.3
-0.3
0.2
0.2
-0.3
-0.1
-0.5
-0.1
0.4
-0.5
-0.5
0.5
-0.1
0.1
-0.1
-0.5
0.2
0.33
0.54
0.14
-0.06
-0.4
0.0
0.0
0.67
0.74
-0.26
0.3
0.0
0.0
0.0
0.0
0.2
0.3
-0.2
0.0
0.4
0.4
0.2
0.2
0.5
0.3
-0.1
0.0
0.2
0.63
0.74
-0.06
-0.26
0.4
0.3
0.1
0.47
-0.26
0.14
-0.5
-0.1
-0.1
-0.1
-0.2
-0.4
0.2
0.3
0.3
0.2
-0.3
0.1
-0.4
0.4
0.5
0.5
0.5
-0.1
0.33
-0.26
0.04
-0.06
-0.2
-0.3
-0.1
0.47
0.54
0.34
0.2
0.4
0.5
-0.5
-0.1
0.4
-0.5
-0.5
0.1
-0.2
-0.5
0.0
0.4
0.0
0.5
0.1
0.1
-0.1
0.482
0.467
0.64
0.04
0.5
0.0
0.3
0.17
0.44
0.74
-0.2
-0.1
0.5
0.3
0.0
0.1
0.5
-0.4
0.1
-0.2
0.2
0.4
0.0
0.2
0.0
-0.1
0.3
0.1
-0.4
-0.124
0.74
0.34
