0.30093
0.7023
0.50285
0.4176
0.33004
0.15876
0.06132
0.05771
0.0195
-0.08137
-0.05183
-0.30055
0.1642
0.44392
-0.00527
0.1088
0.29333
0.52476
0.68193
0.41921
0.74628
0.78469
0.59925
-0.04778
0.10893
0.08151
0.40195
0.31805
-0.02523
-0.08199
-0.21504
0.03223
0.20126
0.30263
0.00261
0.11669
0.12821
-0.04015
-0.02597
-0.33634
0.48408
-0.05956
0.27569
0.14531
0.42096
0.46629
0.43648
0.05969
0.2768
0.71921
0.70538
0.75257
0.57981
0.78325
0.7678
0.01194
0.71537
-0.05709
0.75817
0.19411
-0.3917
-0.31616
-0.32434
-0.06222
0.60091
-0.19777
0.00114
0.41494
0.03223
-0.1333
0.42933
-0.34849
-0.22305
-0.17025
0.46753
0.34329
0.31542
0.43078
0.94756
0.28283
0.63706
1.20776
0.60501
0.65023
1.07725
0.9785
0.73726
-0.30298
0.01467
0.0533
0.10797
0.40561
-0.08563
-0.24324
-0.27882
0.04803
0.10032
0.50168
0.10132
-0.08422
0.60244
0.62281
0.33668
-0.30575
0.65863
0.19949
0.91586
0.06871
0.55961
-0.52701
0.61832
0.78305
0.66668
0.90499
0.44032
0.65775
0.21728
0.18731
0.65806
0.8672
0.51519
0.68193
0.85389
0.49724
-0.01685
0.43069
-0.26932
-0.46498
0.09825
-0.30035
-7.4E-4
-0.18576
0.15733
-0.23332
-0.10179
0.73498
0.14826
-0.0422
-0.04025
0.85801
0.39832
-0.18544
-0.14178
0.16904
0.55975
0.67379
-0.0524
0.48938
0.42099
0.63288
0.39131
0.41152
-0.25228
0.1272
-0.05904
0.08284
0.87911
0.27566
0.03882
-0.16738
0.29921
0.70076
0.49523
0.11023
0.42329
-0.27459
0.39308
0.34705
0.25223
0.7551
0.17177
0.44113
0.45205
0.12196
0.22089
0.68834
-0.3767
0.22786
0.18774
0.19837
0.64262
0.92078
0.76518
0.72927
-0.64261
-0.38452
-0.08092
0.17525
0.37581
0.39495
0.28657
0.08787
0.10135
0.50291
0.08854
0.70205
0.20448
0.40265
0.67814
0.02304
0.23525
0.94092
0.59253
-0.57921
-0.13858
0.54155
0.24884
0.69293
0.36814
0.66741
0.18974
0.63271
0.19955
0.40606
0.62571
-0.16109
-0.07988
0.33716
0.00948
0.70917
0.2615
0.20385
0.09673
0.89693
0.00225
0.50384
0.28131
-0.20524
0.19334
-0.50143
-0.2201
0.2299
0.12662
0.22106
-0.08187
0.40917
-0.42599
0.63267
0.42752
-0.20331
0.31328
0.68699
-0.2107
0.55121
0.15002
0.24146
-0.31568
0.78326
0.06209
0.36071
-0.04586
0.36773
0.08102
0.43551
0.5919
0.79249
0.70434
-0.19411
-0.11623
0.69489
-0.20156
0.40783
-0.20948
0.04233
0.12172
0.02618
-0.27315
0.10686
0.77287
-0.09554
0.18506
0.10022
-0.26404
0.59033
-0.16772
0.50791
-0.43464
-0.58323
0.28438
0.09938
0.69981
0.19967
-0.12237
-0.01929
0.09229
0.05289
0.17646
0.47736
0.60668
0.10833
-0.20846
0.50174
0.21226
0.09565
-0.03217
0.54065
0.20035
0.51863
0.17821
0.71868
0.46791
0.45773
0.43289
0.20402
0.54004
-0.10987
0.36058
0.45949
-0.04843
0.47197
-0.25718
0.57637
-0.23032
0.17508
0.28224
-0.18657
-0.15894
0.43568
0.65642
0.1575
0.50239
-0.0961
0.59502
0.00528
0.23841
0.17937
0.53191
0.84484
0.4203
0.60322
0.7131
0.07461
0.67015
-0.10058
0.00116
-0.15075
0.79875
0.45657
0.44763
-0.14819
0.07027
0.4486
0.11728
0.44511
0.47938
0.84613
0.93423
0.52495
-0.0912
-0.06149
0.53952
0.74457
-0.21156
0.29841
0.09761
0.01209
-0.20791
0.45177
0.50001
0.74325
-0.10611
0.15668
1.09022
1.15046
0.8808
0.32552
0.47593
-0.12491
0.41424
0.07732
-0.16767
0.27986
0.64951
-0.12486
0.33729
0.61782
0.2462
0.48401
0.17738
0.16023
0.90039
0.1414
0.34927
0.46034
-0.22876
-5.0E-5
-0.17908
-0.06223
0.75015
-0.36422
-0.3363
0.09529
-0.23062
-0.0061
1.07123
0.86148
0.54912
0.17795
0.53754
0.47941
0.69027
0.0515
0.52184
-0.01963
0.43345
0.58998
0.33874
0.15947
0.90633
0.23911
0.21291
0.02798
0.9427
0.84011
0.07051
0.09526
-0.03088
0.39819
-0.17314
0.54571
0.32516
-0.10083
-0.43173
0.53302
0.73001
-0.10095
0.61842
0.44528
0.16206
0.16063
0.56969
0.06535
1.18357
0.14527
1.07474
0.6656
0.96236
0.76756
-0.06647
0.02346
0.86746
0.50257
0.53905
0.82675
0.43383
0.07945
0.15326
0.19492
0.56796
0.49645
0.72891
0.04641
0.50327
0.29246
0.13693
0.3634
0.58999
0.67396
0.82087
0.08212
0.41123
0.18836
0.58543
0.6967
0.92219
0.17104
0.50014
0.20232
0.39903
0.20687
0.7104
0.78867
0.70555
0.47135
0.24961
0.04285
0.50077
0.03855
-0.10723
0.33514
0.58181
0.48323
0.0024
0.02131
-0.00146
-0.24152
-0.0169
-0.52115
-0.04438
0.85822
0.86998
0.58631
0.79518
0.18492
0.68138
0.69402
0.59421
0.44941
0.82788
0.9144
0.69131
0.59954
0.60201
0.44897
0.74272
0.28429
1.18075
0.34326
0.82034
1.06888
0.2369
-0.48183
0.39934
-0.19961
-0.09415
0.73249
0.62056
-0.56696
0.2456
0.91282
0.66728
0.45831
0.87618
-0.37891
-0.04203
0.10122
0.39834
0.44103
-0.0923
0.16998
0.5651
-0.24714
0.02574
-0.38815
-0.19753
0.61647
0.4441
-0.17658
0.56339
0.12811
0.91986
0.97713
0.15258
-0.19245
-0.00128
0.49972
-0.2056
0.54685
-0.20973
-0.15908
-0.32529
-0.26613
0.62412
0.06526
0.78021
-0.15472
-0.33554
0.40823
0.48099
0.20066
0.49983
-0.00499
0.48956
-0.04316
0.64722
0.55079
-0.20594
0.11697
0.73801
0.19043
0.90136
0.69008
0.76471
-0.03332
-0.34995
-0.13209
-0.30099
-0.08096
0.44469
-0.02543
0.55075
0.40228
0.47079
-0.26629
0.32118
0.12877
0.62849
-0.10714
-0.23925
0.39157
0.66312
0.23428
-0.13055
0.68306
0.2567
0.83474
0.34293
0.84112
0.81844
0.5406
0.35178
0.37503
-0.14016
0.99663
0.36137
0.37572
0.83641
0.79221
0.50428
-0.07194
0.44074
-0.17872
0.18258
0.31074
-0.19065
0.45712
0.11452
0.27355
-0.29598
-0.00723
0.3229
0.60583
0.70237
0.69483
0.38073
0.33307
0.46121
0.09257
-0.00509
0.07622
0.63893
0.94768
0.36675
0.04563
-0.04324
0.11169
0.84494
0.12811
0.75932
0.25839
0.00672
-0.16923
0.54474
0.30208
0.17456
-0.21765
0.30028
0.55893
-0.0381
0.15606
0.05489
-0.22889
0.68137
-0.26241
0.04382
0.49751
0.6924
0.33119
0.22595
0.86777
0.45085
0.49085
0.57808
0.30475
-0.05828
0.03999
-0.31606
0.39955
0.45744
0.84998
0.0525
0.65713
-0.19946
0.02691
-0.25569
-0.45655
-0.30387
0.52506
-0.19218
0.68871
0.06438
-0.14157
0.63176
-0.30291
0.31568
0.39404
0.19571
-0.16565
0.13555
0.5483
0.43473
0.77662
-0.23428
-0.10004
0.15106
0.36222
0.27885
0.32804
0.4642
0.53247
0.34376
0.64766
0.34782
-0.15193
-0.10265
-0.07617
0.14278
0.36539
0.75572
0.70013
0.09626
0.18686
0.27208
-0.0265
-0.1265
0.17681
-0.1065
0.08875
-0.21273
0.00585
0.25588
0.55717
-0.14812
0.49328
0.18915
0.58919
0.18925
-0.31117
0.38871
0.28822
0.58713
0.29051
0.08792
0.49205
0.19349
-0.00545
0.09825
0.12466
0.34333
-0.33531
-0.24414
0.2014
0.20011
-0.10855
-0.32609
0.47633
-0.31978
-0.22081
0.59569
-0.31196
0.08642
0.31008
0.0564
-0.14331
0.05095
-0.10706
0.08948
0.28826
0.68753
0.18698
0.18587
-0.11272
0.38984
-0.00474
-0.00489
0.396
-0.10619
0.29428
0.39929
-0.27421
-0.0556
-0.13535
0.35658
0.50242
-0.09849
0.69516
-0.32669
0.5754
0.67951
0.08064
0.19695
-0.10672
-0.11019
0.11312
-0.03835
0.06102
0.55436
0.29792
0.59353
0.59163
-0.30888
0.1916
-0.01047
0.19464
0.595
-0.10306
-0.3052
-0.20442
0.39686
0.39723
0.60091
0.02672
-0.35524
0.56462
0.55686
-0.09663
0.00272
0.39675
0.47574
-0.01999
-0.21795
-0.3192
0.0972
0.09431
-0.3076
0.21327
-0.23882
0.56294
0.05599
0.19963
-0.00588
0.19531
-0.30504
0.59635
0.69523
-0.20291
0.19574
0.19744
-0.30457
0.29556
-0.30376
0.59658
0.30145
0.62746
-0.1542
0.36576
-0.24326
0.40369
-0.19449
0.49932
-0.02014
-0.11654
0.08724
0.68564
0.00155
0.60154
0.19863
-0.28512
0.02262
0.06722
0.5612
0.20317
0.09764
0.59923
-9.9E-4
0.69942
0.19915
-0.10007
-2.9E-4
0.50025
0.69761
-0.30092
0.29806
0.29811
0.10146
-0.27838
-0.33838
-0.40176
-0.26634
-0.19964
0.00146
0.09562
0.28691
0.48778
-0.30939
0.39043
-0.09911
0.30102
0.10097
0.20891
0.32581
0.60339
-0.12784
-0.09639
0.40022
-0.29915
-0.19963
0.30037
0.40037
0.4004
6.3E-4
0.59894
0.49488
-0.20337
0.59794
0.59778
0.20039
0.7006
0.60041
0.4996
-0.30186
0.29802
-0.0
0.29858
-0.00213
-0.20253
0.49969
0.59875
-0.30096
0.29993
0.10022
3.7E-4
-0.29965
0.5004
0.7006
-0.29981
0.60022
0.60085
0.60037
-0.09963
0.70037
0.2004
0.10061
-0.09991
0.2989
-0.00141
0.0985
0.29843
0.70039
-0.0994
-0.09959
0.6996
0.59818
0.29804
7.0E-5
0.59875
0.09785
-0.00255
-3.8E-4
-0.10137
0.59913
-0.2
0.20025
0.50042
0.60037
0.30038
0.40061
-0.2998
-0.29978
-0.09915
0.40037
0.10037
0.50037
0.1004
0.10058
-0.09981
0.29925
-0.10132
-0.00163
0.39841
0.60039
-0.1994
-0.09964
0.59973
0.39832
0.19815
-0.2999
0.59859
0.69771
0.19734
0.69965
-0.10137
-0.30087
0.69998
-0.19976
0.30042
-0.19963
0.70038
0.60061
-0.2998
-0.19978
0.50085
-0.29963
0.20037
-0.29963
0.6004
0.20047
0.40051
-0.09985
-0.20109
0.49851
-0.20144
0.40037
0.20038
-0.29977
0.60027
0.09933
-9.4E-4
0.20068
0.20031
0.49956
0.29921
-0.0993
0.59918
0.39962
0.40007
0.60033
0.40042
0.30037
0.10038
-0.29939
0.4002
-0.29981
0.60084
0.60037
-0.29963
0.30037
0.70039
0.20046
4.1E-4
-0.09971
0.10018
-5.5E-4
-0.10096
