-0.29177
0.41235
0.01733
0.07458
0.54553
0.25679
-0.66605
-0.70136
-0.11424
0.18609
-0.19894
0.4383
0.29653
-0.13964
0.14756
-0.36947
0.66878
-0.04971
0.27549
0.59314
0.33519
0.31346
0.24097
0.28266
-0.32062
-0.3096
0.02517
-0.37018
0.29004
-0.51662
-0.82112
-0.57126
0.40835
0.21247
-0.48274
0.27444
0.44543
-0.0417
-0.35968
-0.59704
-0.8039
-0.19579
-0.696
0.10969
-0.1474
-0.62836
0.2148
-0.02489
0.86589
-0.04853
-0.03912
-0.12678
0.31496
0.71433
0.49938
0.2936
-0.14247
-0.34865
0.09985
-0.43758
-0.61556
-0.21367
-0.71645
0.03173
-0.29181
0.31231
-0.18283
-0.32538
0.24817
-0.03706
0.21315
0.006
-0.51475
-0.63361
-0.11973
-0.49884
-0.26756
-0.40336
0.29489
0.40619
-0.11536
0.25632
0.75433
0.46857
0.71234
0.61381
-0.53854
-0.22835
0.12475
-0.11941
-0.64505
-0.66988
0.16269
-0.83592
-0.12
0.24273
-0.39182
-0.1877
-0.28274
-0.32535
0.34977
-0.53214
-0.00576
0.17891
0.07501
-0.8012
-0.18617
-0.27443
0.13954
-0.73677
0.20618
0.75015
0.4118
0.77612
-0.0489
-0.13628
-0.04002
-0.13268
-0.08819
0.48336
-0.09735
-0.89319
-0.64168
-0.13699
-0.82587
-0.12603
0.1102
-0.36467
0.00842
-0.38742
0.31752
0.075
0.45002
-0.33273
-0.59851
-0.20679
-0.5031
-0.76803
-0.0624
0.28952
-0.21653
0.19578
0.59233
0.85138
-0.52919
0.07972
-0.48942
0.35494
0.03641
0.54982
0.30908
0.74967
-0.43505
-0.13544
-0.53706
-0.72275
-0.82323
-0.1218
0.01541
-0.6804
0.20863
-0.38721
-0.08236
0.3754
-0.25297
-0.63548
-0.59955
-0.40781
0.10373
0.23588
0.23647
-0.17249
-0.22367
0.56947
-0.04487
0.24845
-0.68821
0.05367
-0.46401
-0.64126
-0.212
-0.09326
-0.1327
0.12539
-0.49507
-0.78043
-0.26015
0.08151
-0.1225
-0.02033
-0.18318
-0.08325
-0.09125
0.31291
0.31791
0.57555
0.14547
0.26364
-0.40171
-0.81429
-0.00224
-0.4725
0.20939
-0.02193
0.04594
0.57893
0.75946
0.74892
-0.33428
-0.49607
0.30876
-0.53093
0.10291
0.43672
0.3276
-0.39026
0.35371
0.21153
-0.91053
-0.0307
0.09174
-0.41782
0.02334
-0.27668
-0.29043
0.31372
-0.18191
0.47558
0.24501
-0.53536
-0.79609
-0.80871
0.02808
-0.79463
-0.22829
0.6217
0.18502
0.87665
0.55629
-0.08046
0.04613
-0.1303
-0.09078
-0.22274
0.08195
-0.65487
0.19711
0.62385
0.53417
-0.06766
-0.13509
0.05341
-0.2941
-0.80705
-0.17489
0.22496
0.21024
-0.28561
-0.08194
0.07552
-0.15537
0.0653
-0.69556
-0.80709
-0.04896
-0.12026
-0.17462
0.64029
0.09483
0.66134
0.29354
-0.05317
0.52329
-0.11522
-0.55345
-0.67845
0.03871
-0.10812
0.1628
0.45331
0.99418
0.27441
0.22955
0.13958
0.00349
0.1076
-0.6808
0.21897
-0.48889
-0.38474
0.51817
0.47558
-0.05463
-0.04246
-0.80961
-0.61168
-0.75669
-0.13768
-0.02981
0.03489
0.1833
0.04311
-0.26406
0.10807
0.20654
0.29638
-0.79152
0.00229
-0.73827
-0.05025
-0.25841
-0.09335
0.13371
0.34555
-0.45671
0.04314
-0.73929
0.21498
0.11946
-0.58072
-0.18901
-0.08486
-0.08178
0.37566
0.44493
0.34181
-0.32921
-0.51472
0.19699
-0.49536
-0.07389
0.26232
-0.13799
-0.3436
0.33885
0.0319
-0.48329
0.22979
-0.38331
-0.21539
-0.66387
-0.38634
-0.32595
0.40026
0.09984
0.59414
0.80836
0.15425
-0.18944
0.22222
-0.29075
0.11532
-0.08666
-0.28788
-0.48782
0.26991
0.13923
-0.3624
-0.73396
-0.42315
-0.39947
0.00318
0.50819
0.82685
0.50558
0.31029
0.09554
-0.1622
-0.28496
-0.6037
-0.27778
-0.39538
0.12688
-0.29777
0.18151
-0.0072
0.28425
0.08926
0.60723
-0.35353
-0.69553
-0.70797
-0.69754
-0.57891
-0.08231
0.40662
0.49663
-0.34548
-0.06985
-0.46531
0.15893
-0.64337
-0.56135
-0.48357
-0.2904
0.03674
0.58581
0.26044
0.19521
-0.07087
-0.70439
-0.40851
-0.51559
0.00801
0.64418
0.36113
0.27416
-0.56851
0.28231
0.28904
0.59947
0.5819
0.41186
-0.384
-0.61085
-0.47369
0.01697
0.50589
-0.40511
0.25291
0.55368
0.25467
-0.37454
-0.15574
-0.21909
0.27757
-0.29793
0.31552
0.76719
0.00256
0.66454
-0.2626
0.35334
0.31316
0.91534
0.1572
0.48146
0.57266
0.59081
0.08894
-0.00285
0.20058
0.39331
0.1787
0.20494
-0.55075
-0.46419
-0.30331
0.21728
-0.39223
-0.20422
0.25346
0.35021
0.31722
-0.71542
-0.13451
-0.20507
0.1951
-0.18501
0.11439
0.61598
0.18849
0.56188
0.24935
0.75763
0.1065
0.72811
0.71233
0.69181
0.69649
0.30187
0.4989
0.50802
0.61033
0.72914
-0.08665
0.41608
0.05436
-0.667
-0.10605
-0.28971
0.31445
0.31322
0.27107
0.06937
-0.38386
-0.04089
-0.47252
0.21259
0.50882
0.10276
0.09709
0.2006
0.08698
-0.13682
0.04734
0.17568
0.7379
0.16972
0.10027
0.31301
0.1981
0.3932
-0.00692
0.70613
0.01244
0.14444
0.31993
0.30206
-0.30074
0.31772
-0.56174
0.3106
0.51474
-0.3849
-0.42257
0.5617
-0.73304
0.43232
0.52476
0.21618
-0.38536
0.20639
0.11522
-0.85485
-0.19185
-0.40398
0.17515
0.0123
-0.18551
0.41442
0.12155
0.02828
0.11858
-0.48045
0.01314
-0.14037
0.08798
0.04582
0.12205
0.59966
0.49767
-0.32636
-0.94259
-0.39096
-0.38683
-0.48434
-0.41488
-0.21329
-0.21305
0.17761
0.48101
-0.12379
-0.2273
-0.22869
-0.18886
-0.02353
0.32702
-0.28865
0.21183
-0.06249
0.19251
0.09034
0.08936
0.08034
0.28674
0.20847
0.0207
0.45518
0.2391
0.39733
0.26544
-0.42886
0.27039
0.12822
-0.09074
-0.09182
-0.28097
-7.7E-4
0.40674
0.43683
-0.68114
-0.29751
0.51901
-0.07752
-0.48084
-0.08881
-0.70199
-0.67655
-0.48687
-0.4446
-0.4512
-0.15294
0.153
0.37661
0.3626
0.15354
0.35532
0.07998
-0.11927
0.16137
0.11779
-0.64581
-0.06285
-0.46653
-0.36271
-0.17342
-0.48646
0.31821
0.22581
0.19965
0.25295
0.08287
-0.41667
0.48263
-0.28245
-0.18387
-0.30196
-0.11536
0.2353
0.14792
-0.25369
0.33543
-0.36775
-0.56281
-0.25607
-0.14522
-0.03897
0.15098
0.14867
-0.3261
0.4736
0.08033
0.21122
-0.69365
0.32105
-0.45995
0.5579
-0.32519
-0.22321
0.02756
0.0317
-0.19948
-0.18163
0.06674
0.5939
0.1326
0.02279
0.56277
-0.12856
0.29502
0.27439
-0.54234
-0.06797
-0.26858
-0.36428
-0.36244
-0.06181
-0.53561
-0.21883
0.06663
-0.05925
0.36495
-0.12595
0.49003
-0.14805
0.31149
-0.42578
0.36268
-0.33343
0.3704
0.46996
0.5136
0.02229
-0.00373
-0.5517
0.53191
-0.23667
0.10901
0.41437
-0.06822
-0.38634
0.50711
0.19207
-0.50703
-0.11262
-0.21154
-0.40462
0.06178
-0.13708
-0.4054
-0.39065
-0.39721
-0.51
0.49854
0.299
-0.3905
0.19455
-0.3449
-0.39144
0.12358
-0.17761
-0.479
-0.37816
0.50943
0.41832
0.19239
0.36843
-0.27688
-0.30025
-0.00368
0.20759
0.41133
-0.38759
-0.48764
-0.28602
-0.28961
-0.38849
-0.08753
0.01958
0.26909
0.16972
0.50087
-0.08502
0.31282
0.11248
-0.08831
-0.28812
0.31147
-0.09019
0.40972
0.50751
0.19746
-7.6E-4
0.39787
0.09843
-0.49063
0.51838
-0.10744
-0.53409
0.22172
0.49977
-0.10358
-0.2926
0.41025
-0.19088
-0.09051
0.11187
0.20793
0.10856
0.50974
0.11871
-0.03205
-0.33165
0.39962
0.41411
-0.4881
-0.28904
-0.08937
-0.19002
0.40737
0.30625
0.40759
0.30536
-0.30424
-0.2017
-0.1022
0.09763
0.00942
0.11864
-0.40724
-0.23429
0.12115
-0.4003
-0.00133
0.00931
0.41085
0.10932
0.00914
0.20957
0.00548
-0.19412
-0.39277
-0.38339
0.06587
-0.03359
-0.10114
-0.38687
0.11063
0.01015
-0.49086
0.10738
0.50531
-0.49559
0.30594
-0.19545
0.09632
-0.00126
-0.10138
0.09836
-0.09087
0.21803
0.49182
-0.13334
-0.17775
-0.1984
-0.39951
0.51095
0.41324
0.0116
0.01104
0.11077
-0.29289
0.30718
-0.09164
0.51598
0.36523
-0.03453
0.49712
0.11138
-0.39083
0.20913
0.40895
-0.29156
-0.19182
-0.49171
-0.49029
0.50778
-0.30062
-0.40031
0.40026
-0.29962
-0.29096
0.21784
0.39153
0.1667
0.32207
5.2E-4
0.19995
-0.48964
0.01258
0.21111
0.21087
0.31085
0.40716
0.50722
-0.39181
0.41437
-0.1166
-0.33502
-0.30379
-0.18932
0.00831
-0.39178
0.20823
0.00825
0.30822
-0.19175
0.40913
0.00809
0.50431
0.2006
-0.30028
1.0E-4
-0.09096
0.31547
0.19629
0.07742
-0.28492
0.5029
0.50273
0.20959
-0.28871
0.01037
-0.48979
-0.28989
-0.4927
-0.09262
0.00802
-0.28876
0.3166
0.37598
-0.40106
0.30975
-0.29185
-0.0919
0.20811
-0.19189
-0.19189
-0.39188
-0.3914
-0.49139
0.20961
-0.19614
-0.39731
0.5032
-0.09187
0.40818
-0.49174
0.30804
-0.29301
-0.49288
0.30789
-0.49163
0.40829
0.20832
-0.3918
-0.09191
0.40804
0.10812
0.40811
0.50813
-0.0919
-0.19163
-0.3919
0.40813
0.00815
0.0081
0.00811
0.20811
0.00811
0.30812
0.20832
0.10745
-0.49288
-0.49293
-0.09245
-0.39188
0.30813
0.00818
0.40826
-0.09196
0.40699
0.00713
-0.29212
0.00834
-0.19175
-0.19172
-0.49185
-0.29191
0.00804
-0.29188
0.30811
0.00813
0.20813
-0.0919
0.3081
0.10813
-0.49185
0.3081
0.00811
-0.49189
0.10811
-0.19188
0.50832
0.00748
0.30727
-0.49288
0.00747
-0.19215
0.20813
0.50816
0.50824
0.00807
0.40705
-0.39279
0.50783
0.10826
0.10819
-0.09179
0.00815
-0.29188
-0.29193
-0.49188
-0.49189
-0.09187
0.30813
-0.2919
-0.3919
-0.29187
0.50815
-0.3919
0.50811
-0.29189
-0.29189
0.30812
0.10827
0.00772
-0.19259
-0.19283
-0.0925
0.10788
-0.29189
0.30815
0.00821
0.3083
0.50732
-0.09262
-0.09227
-0.09187
0.50808
0.40809
0.50812
0.20816
-0.09189
0.40812
-0.09189
0.00813
0.50813
0.4081
0.5081
0.00813
-0.39185
0.0081
0.30811
0.40811
0.10811
0.20812
-0.19181
-0.39173
0.10755
0.40722
0.20763
0.00811
