0.22268
-0.07732
-0.06505
0.05428
-0.12764
-0.5361
0.25303
0.24244
0.13621
0.25037
-0.55839
0.38811
0.10767
-0.59644
0.27365
-0.48191
-0.25471
0.39642
0.23005
-0.13394
0.40531
0.44535
0.64816
-0.25641
0.13829
0.17703
-0.18613
-0.48613
-0.37732
-0.07732
0.33276
-0.14572
0.27183
0.14982
-0.15969
0.38745
-0.19626
-0.15816
-0.4025
-0.57337
0.36711
-0.51331
0.49271
0.39994
0.42948
-0.1198
-0.02385
-0.46186
-0.03456
-0.04732
0.35435
-0.55689
-0.51872
0.09935
0.12405
-0.07595
0.12268
-0.07732
-0.04238
-0.2521
-0.58751
-0.06644
-0.16413
-0.10227
0.18485
0.34314
-0.47062
-0.46993
-0.14402
-0.10228
0.50175
0.20352
-0.26966
-0.21925
0.37248
-0.37265
-0.54995
-0.47034
-0.07144
0.24934
-0.44672
-0.20525
-0.17552
-0.07554
0.22771
-0.07229
0.31461
-0.18697
-0.41133
0.25997
0.2981
-0.38853
0.14753
-0.22369
-0.0294
-0.10249
-0.20189
-0.30481
0.5424
0.17018
-0.02166
0.63061
0.52407
0.03076
-0.15802
-0.40631
-0.40211
0.2895
-0.29026
-0.52617
-0.15183
0.03543
-0.40127
0.09873
0.39335
-0.01436
-0.09496
0.33809
0.42164
0.1715
0.09857
0.05272
0.40257
0.19683
0.20963
0.07862
0.10476
-0.61768
-0.13096
0.39808
-0.03609
0.48896
0.5491
-0.39032
-0.01018
0.09804
-0.09221
0.4838
0.56716
-0.40871
0.19873
0.19873
0.30108
0.05401
-0.2424
0.31312
-0.13292
0.05176
-0.43969
-0.00415
-0.25574
-0.33775
0.12319
0.29149
0.13728
-0.20061
-0.33804
0.43787
-0.38191
0.44283
-0.39221
0.57527
-0.18946
-0.09326
0.51316
-0.30698
-0.18473
0.11373
-0.17206
-0.17206
0.40927
0.24078
0.4424
0.10086
0.44237
0.21835
0.4188
0.13498
0.24324
0.14243
0.25311
0.34607
0.282
0.14976
0.39076
0.25899
0.28857
-0.04744
0.1441
0.18598
-0.09609
0.28333
-0.16765
0.00365
0.10697
0.60803
0.25089
0.05089
-0.2829
0.04078
-0.35825
0.58754
0.11902
-0.52769
-0.03735
-0.09582
-0.15504
0.05202
0.01438
-0.48984
0.21628
0.09394
0.21533
0.36632
0.03514
0.41592
-0.32105
0.48459
0.3163
-0.41761
-0.00905
0.37913
0.01867
0.01924
0.45089
-0.34911
0.51694
-0.35922
-0.29319
0.64147
0.47759
0.28845
-0.22294
-0.24945
0.43803
0.4355
-0.5071
0.2656
-0.38735
0.28368
-0.28475
-0.6569
0.34545
-0.35168
0.04002
0.524
-0.30893
0.51018
-0.3015
-0.30435
-0.27563
-0.27565
0.35089
-0.04911
-0.38306
-0.25922
-0.09496
0.3162
0.35022
-0.07025
-0.07681
-0.33999
0.2453
0.15302
0.29492
0.26235
-0.20662
-0.22938
-0.29681
-0.67064
-0.09941
0.30941
0.3092
0.74014
-0.23897
0.30077
0.66003
-0.0421
0.54883
0.64815
0.15089
0.05089
0.31668
0.5405
0.60672
-0.18032
0.55026
0.10669
-0.2518
-0.07043
0.09264
-0.07393
-0.42201
0.08662
-0.13508
-0.13562
0.32068
0.45342
-0.38007
0.37724
0.33529
-0.24845
0.58583
0.35091
0.70558
-0.23237
0.58362
0.68362
0.55105
-0.24895
-0.28701
0.43382
-0.30137
0.02277
-0.15326
0.50328
0.06222
0.44542
-0.13385
-0.47669
-0.16892
0.00447
0.24408
0.25408
-0.20856
-0.5306
0.16755
-0.53861
-0.07691
0.64839
0.0362
0.10907
0.22558
0.20265
0.28362
0.38362
-0.44812
-0.44812
0.5644
-0.43355
0.46677
0.27504
-0.14228
-0.43564
0.45843
0.51628
0.4773
0.02727
-0.34531
-0.33375
0.45258
-0.2916
0.40468
-0.26534
0.13835
0.24018
-0.33863
0.4624
-0.32092
0.13251
0.00501
0.36186
-0.26378
0.43619
0.45188
-0.44812
0.26557
0.47005
0.27245
0.16976
0.45737
0.01773
-0.18164
-0.25724
-0.03723
0.17662
0.19882
-0.3186
-0.26
0.22051
-0.02824
-0.08034
0.77187
-0.31962
-0.24901
-0.04921
-0.36385
-0.18153
0.27556
-0.18014
-0.0702
0.3298
-0.34812
0.05188
0.26529
-0.23053
-0.02797
0.56591
0.09224
-0.38485
-0.36242
0.63766
0.03485
0.16843
0.22167
0.26204
0.10507
0.29388
-0.32175
-0.19658
0.70655
0.31408
0.42448
0.27904
-0.43785
0.54783
-0.09305
-0.57771
0.1216
-0.3784
0.15188
-0.44812
-0.13455
0.06947
0.3526
0.53413
-0.41827
-0.26669
-0.32259
0.69006
0.25266
-0.31053
-0.13991
0.3114
0.09557
-0.12994
-0.27359
0.5421
0.13239
0.24443
0.70773
0.16346
-0.10537
0.21275
-0.05946
0.29571
-0.22714
-0.15539
0.49972
0.49972
-0.04849
-0.23043
0.07205
0.04859
-0.30845
-0.01525
-0.06622
-0.31347
-0.04023
-0.65105
0.05051
-0.49666
0.22581
-0.41739
0.42711
-0.03825
0.62853
0.01833
0.38128
-0.02751
0.54057
-0.35062
0.15151
-0.49112
-0.31778
-0.14562
-0.20951
-0.10951
0.40913
-0.37446
-0.05249
0.0231
-0.40995
-0.30493
0.23275
0.22379
-0.04642
0.22338
-0.52411
0.19666
-0.20635
0.23386
0.37337
0.14782
-0.10161
-0.38661
-0.30921
-0.08945
0.04613
0.63844
-0.41446
-0.10167
0.3778
0.45837
-0.13804
0.26196
0.31381
-0.29739
-0.23104
0.19136
-0.60245
0.25625
0.47767
-0.27975
0.15113
0.13646
-0.19566
0.42118
-0.40846
-0.52685
-0.29719
-0.42505
-0.12061
0.03383
-0.51564
-0.47825
0.16363
0.55373
0.21139
-0.28032
0.11056
0.14625
0.05028
-0.44972
0.1953
-0.21853
0.00757
-0.56182
-0.65629
0.41496
0.07254
-0.28343
0.073
0.25547
0.39008
-0.03342
0.12542
-0.89819
-0.07929
-0.85337
0.04575
0.39931
-0.21576
0.13882
-0.49775
0.29194
0.06786
0.57597
0.64217
0.58245
0.35468
-0.14532
0.07997
0.26352
-0.1599
0.36204
0.31136
0.11289
0.14861
0.33681
0.32054
-0.27556
0.2359
-0.29175
-0.03135
-0.67388
-0.869
-0.44363
-0.53505
-0.15075
0.33799
-0.59865
-0.13592
0.17042
0.07857
-0.38512
-0.16649
0.08944
0.47201
-0.42799
-0.30948
0.24488
-0.38037
0.32108
0.45451
0.38896
0.50998
-0.54532
-0.57288
-0.47029
0.04214
-0.43326
0.04215
0.13203
0.16138
0.18365
-0.18705
0.46079
0.22302
-0.24669
0.26096
-0.25378
0.21938
-0.16637
0.43669
-0.30779
0.2
-0.5
-0.3
0.37286
0.45978
0.34804
0.40153
-0.48279
-0.32688
0.39529
-0.63346
0.16545
0.3396
0.41195
0.01437
0.46301
0.41316
-0.2955
-0.00625
-0.0755
-0.22034
-0.43939
0.30224
0.30271
0.62162
0.14681
0.44544
-0.19898
0.4
0.4
0.4
-0.02906
-0.34274
0.45806
0.42436
0.24386
-0.3966
0.27008
-0.14841
-0.04334
0.12585
0.29768
-0.1003
-0.09614
0.20216
0.09195
-0.10334
0.08626
0.24089
-0.49315
-0.57682
0.32002
-0.0622
-0.24137
-0.15208
0.50365
0.3
-0.5
-0.5
0.47094
-0.34252
-0.34526
-0.11537
-0.07735
0.0337
0.39502
0.37707
-0.31637
0.14879
-0.10504
-0.40505
0.59462
-0.10688
0.48631
0.10282
0.64657
0.40792
-0.45552
-0.15535
0.08053
-0.27883
0.25719
0.34782
0.19894
0.2
0.4
-0.44286
-0.21157
-0.44493
-0.24526
0.15714
0.52342
0.43578
0.30076
0.38363
0.18472
0.24878
-0.00537
0.39385
0.58635
-0.11334
0.58666
-0.298
0.54657
0.20616
-0.45532
-0.15479
0.28083
0.42184
0.06039
0.04782
-0.20106
0.3
-0.1
0.45249
-0.3285
0.5548
0.35487
0.4539
0.02355
-0.4641
-0.49984
-0.31431
-0.4142
0.45184
-0.20523
-0.20611
0.2961
-0.29176
0.30824
-0.29875
0.60523
-0.13681
0.01423
0.4457
-0.42187
-0.38523
0.06951
0.04782
0.29894
-0.2
-0.5
0.45434
-0.4285
-0.44501
-0.34476
-0.14996
0.52338
0.03598
0.09948
0.08708
0.08708
-0.0415
-0.00484
-0.10581
-0.28956
-0.25651
-0.05651
0.00886
0.2374
-0.00553
-0.24466
0.04693
-0.56043
-0.2782
-0.18099
-0.35218
0.29894
