-0.3
0.4
0.1
-0.3
0.481
0.417
-0.163
0.437
0.737
0.263
0.289
0.66
0.86
0.052
0.4
1.436
1.431
0.831
0.931
1.198
0.374
0.296
0.405
0.196
0.63
0.037
-0.086
0.214
-0.1
-0.5
0.0
-0.1
0.381
0.117
0.137
0.337
0.037
0.247
-0.016
0.932
0.773
0.633
0.949
1.136
1.031
0.431
0.831
0.895
0.388
0.476
0.382
0.246
0.852
0.599
0.414
-0.386
0.2
-0.4
0.4
-0.4
-0.519
-0.183
0.137
0.74
0.492
0.833
0.897
0.865
0.776
0.936
1.43
0.831
1.331
0.631
0.431
1.195
0.295
0.175
0.244
0.757
0.112
0.964
0.614
0.414
-0.1
0.1
-0.5
0.1
-0.419
0.452
-0.014
0.078
0.75
0.286
0.201
0.397
0.665
0.623
0.622
0.163
0.461
1.05
1.158
0.167
0.908
0.578
0.039
0.634
0.517
-0.235
-0.239
-0.045
-0.2
0.1
0.2
-0.3
0.481
-0.037
0.15
0.141
1.125
0.695
-0.274
0.426
0.12
-0.061
-0.038
0.418
0.723
0.853
0.238
0.242
0.307
-0.201
-0.001
0.214
0.493
-0.157
-0.16
0.445
-0.2
-0.3
-0.1
-0.2
-0.019
-0.34
0.577
0.445
0.703
0.826
-0.174
0.176
0.113
0.577
-0.023
0.252
0.653
0.453
0.494
0.186
0.513
0.19
0.092
0.214
0.193
0.343
0.467
0.467
-0.1
0.0
0.4
0.3
0.181
0.252
0.858
-0.129
0.026
0.432
0.208
0.099
0.524
0.474
0.078
0.153
0.053
0.753
-0.207
0.77
-0.29
0.208
-0.598
-0.201
0.185
-0.354
-0.224
-0.124
0.5
-0.3
0.2
-0.4
0.281
0.632
0.135
0.435
0.526
0.736
0.503
-0.467
-0.037
0.316
0.378
0.221
0.421
0.198
-0.107
0.399
-0.226
0.24
-0.305
0.302
0.27
0.044
-0.438
-0.138
-0.3
0.4
-0.2
-0.2
-0.419
0.419
0.021
0.835
0.435
0.138
0.431
0.762
0.333
-0.08
0.102
0.848
0.527
0.817
0.813
0.18
-0.188
0.641
-0.437
0.479
0.548
0.223
-0.138
0.462
0.3
0.5
-0.1
0.3
0.381
0.441
0.621
0.821
-0.081
0.653
0.104
1.002
0.891
0.169
1.247
0.794
0.67
0.77
0.28
0.66
0.607
0.048
-0.042
0.689
0.324
0.688
-0.249
-0.248
0.2
-0.2
-0.1
-0.2
0.281
-0.16
0.121
0.816
0.931
0.47
0.692
0.392
0.786
0.718
1.095
1.006
1.397
0.387
0.913
0.525
0.746
0.204
0.068
0.217
0.33
0.098
0.298
0.098
-0.1
0.5
-0.3
0.4
-0.519
-0.36
-0.081
0.924
0.685
0.263
0.29
0.369
0.39
0.53
0.156
0.139
1.03
0.962
0.586
0.184
-0.063
-0.27
0.913
0.468
0.991
0.921
-0.102
0.098
0.4
0.1
0.1
-0.1
-0.419
0.332
-0.308
0.537
-0.031
-0.022
0.204
0.518
0.402
-0.437
0.444
-0.017
0.079
0.829
-0.045
0.378
0.365
0.344
0.251
-0.288
0.159
0.804
0.621
0.021
0.0
0.2
0.5
-0.404
-0.324
-0.054
0.297
0.394
0.418
-0.121
0.21
0.39
0.051
-0.278
0.299
0.372
0.917
0.317
0.539
0.135
-0.11
-0.171
0.767
0.112
0.056
0.731
0.931
0.731
-0.4
0.1
0.2
-0.502
0.476
-0.154
-0.303
-0.311
0.66
0.242
-0.252
-0.082
-0.085
0.107
0.436
0.211
0.011
0.311
0.643
0.565
0.315
-0.076
-0.15
0.508
0.454
0.026
0.726
-0.074
0.2
0.0
0.0
-0.202
-0.324
0.626
0.697
0.166
-0.164
0.733
-0.287
-0.203
0.091
0.485
-0.188
0.087
-0.01
0.607
-0.165
0.841
-0.209
-0.476
0.632
0.211
-0.023
0.593
0.341
0.025
0.4
0.1
0.1
-0.304
0.076
0.356
0.113
-0.308
-0.074
0.891
0.755
1.091
1.009
1.248
1.424
0.643
0.735
0.035
0.564
-0.031
0.218
0.154
0.468
0.477
0.75
0.784
0.647
0.725
-0.1
0.2
-0.3
-0.001
0.3
0.386
0.097
-0.256
-0.184
0.395
0.858
1.124
1.021
0.76
0.437
1.226
1.301
1.11
1.009
0.056
0.057
0.619
0.006
0.569
0.846
0.686
0.209
0.487
-0.4
-0.5
0.4
0.549
0.303
-0.148
-0.19
0.654
0.301
1.534
0.873
0.521
1.22
1.253
1.448
1.332
1.432
0.838
0.945
0.305
0.371
0.36
0.156
0.866
0.433
0.637
-0.203
-0.165
-0.5
-0.5
0.2
0.449
0.093
0.061
0.477
0.763
0.885
1.249
0.748
1.574
1.473
1.273
1.174
0.851
0.857
1.457
1.43
0.906
0.807
0.307
0.054
0.612
0.392
0.324
0.144
0.082
-0.2
0.5
-0.1
0.55
0.652
0.022
0.474
0.698
0.052
1.464
0.795
1.195
1.311
1.283
1.276
1.241
1.512
1.412
0.744
0.451
0.534
0.453
0.893
0.246
0.462
-0.252
0.535
0.135
0.5
0.1
0.2
-0.05
0.193
-0.062
0.664
-0.334
0.819
1.235
1.152
1.266
0.564
1.427
0.827
1.428
0.903
0.403
0.838
0.536
0.166
0.581
0.585
0.115
-0.074
0.318
0.518
0.318
-0.3
0.5
0.2
-0.15
0.371
-0.229
-0.4
0.4
-0.3
0.2
0.1
0.3
0.3
-0.3
0.5
-0.2
0.2
0.4
-0.1
-0.4
0.2
-0.4
-0.5
0.3
-0.403
-0.329
0.071
-0.429
-0.3
0.5
0.2
0.35
0.171
-0.029
0.2
0.4
-0.1
0.5
0.0
-0.4
0.2
0.0
0.3
-0.4
0.2
0.4
-0.1
0.3
-0.1
0.1
0.3
-0.5
0.297
0.371
-0.129
-0.329
-0.1
-0.3
0.5
-0.45
0.271
0.171
-0.5
-0.1
0.0
0.4
0.3
-0.4
0.5
-0.1
0.2
0.4
-0.2
0.2
0.3
0.2
-0.1
0.3
0.4
0.1
0.397
0.271
-0.429
-0.529
0.1
0.4
0.5
0.05
0.271
-0.329
-0.4
-0.5
-0.3
0.4
-0.3
0.0
0.0
-0.1
0.4
-0.5
-0.4
-0.2
0.2
-0.1
0.3
-0.1
0.1
-0.3
-0.403
0.071
0.471
0.271
-0.5
0.0
0.4
0.05
0.171
-0.529
-0.3
0.0
0.1
0.2
-0.4
0.3
-0.5
0.0
0.3
0.3
-0.3
-0.2
-0.1
-0.4
0.2
0.0
0.1
0.5
-0.19
0.277
0.171
-0.329
0.2
0.0
-0.1
0.35
0.271
0.471
-0.1
-0.5
-0.4
0.0
-0.3
0.0
-0.1
0.1
0.3
-0.2
0.1
-0.4
0.5
0.0
0.3
-0.2
0.3
0.5
0.1
0.236
-0.129
-0.129
