-0.25731
0.34364
0.24601
0.16343
-0.15632
-0.08371
0.24758
0.12756
0.20991
-0.18916
0.55958
0.19885
0.53849
0.61128
0.55746
0.76162
0.4627
1.10146
1.00145
0.82083
0.24245
-0.0535
0.40589
-0.01507
0.49334
-0.18207
0.66923
0.23361
0.31339
0.42742
0.13545
-0.19878
-0.25739
-0.25643
-0.25456
0.66265
0.5328
-0.31259
0.52088
0.72624
0.60745
0.80683
0.27301
0.83722
-0.13868
0.09311
0.72337
0.41075
0.64565
1.01875
0.70965
0.02885
0.85123
0.65146
0.28868
0.58788
0.06694
0.79151
0.06821
0.40934
0.28278
-0.34368
-0.17401
-0.40625
0.54211
0.44313
0.34477
0.46313
-0.37825
-0.4201
-0.43555
0.10551
-0.08091
0.04515
0.32862
0.35982
0.22406
0.65454
0.03521
0.14254
0.64708
0.42839
0.01267
0.93153
0.05352
0.55327
0.4724
-0.32534
0.15831
0.5861
0.80477
0.69294
0.62626
0.41633
0.04988
-0.48525
-0.05813
-0.25718
-0.15408
0.26417
-0.37399
-0.41489
0.11394
0.4227
0.30304
0.22427
0.15676
0.2988
-0.06405
-0.55114
0.43694
0.46339
0.61828
0.62824
0.61732
-0.09505
0.48193
-0.06734
0.24068
0.12287
-0.28459
0.04738
0.60708
-0.2577
0.24062
0.09449
0.20464
-0.08132
-0.25804
0.64291
-0.35449
-0.33472
-0.16603
0.39269
0.03212
-0.05641
-0.12103
0.16135
0.6175
0.54324
0.09628
-0.40625
-0.36437
0.51514
-0.03417
0.56984
-0.11004
0.44493
0.28976
0.69134
-0.091
-0.2554
-0.12153
-0.41559
-0.1437
-0.39706
-0.28293
-0.31347
-0.29532
-0.39726
-0.25945
-0.05839
0.14671
0.06662
0.54097
0.30259
-0.5347
0.58329
0.0862
0.83108
0.22007
0.57277
-0.33359
0.13099
0.57998
0.12429
-0.03215
0.07461
-0.3714
-0.22353
-0.25
0.62358
-0.19158
-0.01108
-0.19529
0.34969
0.23546
-0.40405
0.21399
0.18504
-0.49034
-0.19145
0.04165
0.54192
0.64669
0.16734
-0.25811
0.50651
0.05716
0.07649
0.18878
-0.15818
0.33689
0.47464
-0.2859
0.10693
0.49214
-0.28138
0.3169
-0.17802
0.24591
0.30975
0.39266
0.59936
-0.14326
0.57989
-0.31231
0.34344
0.399
0.48394
0.42001
0.39472
0.23945
0.43859
0.34251
0.14198
-0.25492
0.36518
-0.0616
-0.09309
-0.0437
0.37495
0.83924
0.64441
-0.14191
-0.06907
-0.47641
-0.07718
0.15063
-0.19081
-0.35231
-0.27876
0.15595
0.48575
0.58833
0.12978
0.23532
-0.15783
0.14989
-0.35755
-0.19527
-0.44066
0.07109
-0.04606
0.26082
0.06009
-0.15799
0.14073
-0.25598
0.66178
-0.06314
0.30665
-0.23215
0.39496
0.29515
0.54463
-0.12161
0.51661
-0.0885
0.20801
0.1867
0.17231
0.13395
-0.21504
0.76442
0.60972
-0.12488
0.53255
0.00679
0.29083
0.4799
0.00118
0.21731
-0.12597
-0.4802
-0.08025
0.36495
-0.03572
-0.25921
-0.16156
-0.05828
0.65944
-0.26309
0.19089
0.16044
0.60743
0.24792
0.46807
-0.04522
0.67639
0.73907
0.51786
0.49029
0.26073
0.33536
0.28772
0.69369
0.19588
0.315
0.3701
0.20552
0.38199
-0.21817
-0.35703
-0.21484
-0.55436
0.14572
0.28743
-0.36126
-0.26231
0.44113
0.33874
0.04067
0.45848
-0.26397
0.47107
0.15167
0.22744
0.13451
-0.03736
0.37008
1.0514
1.02402
0.18524
0.56263
0.80479
0.9083
0.97122
0.20574
0.41381
0.45481
0.35715
0.76795
0.18508
1.08676
0.57868
0.64598
0.21948
-0.53854
-0.1983
0.25535
-0.34253
-0.15657
0.24096
-0.35824
-0.14073
-0.24054
0.51616
0.2582
0.3403
0.11575
-0.3598
-0.04104
0.7592
0.06449
0.35288
0.76451
0.51927
0.01993
0.50572
0.30722
0.23302
0.00293
0.45105
0.21221
-0.13733
0.85888
0.49376
0.62421
0.40835
0.03408
0.02092
-0.52836
-0.11932
0.34598
0.24149
0.44632
-0.13528
0.3007
-0.39023
0.32962
-0.5416
0.35562
-0.04237
0.69183
0.34579
0.20561
-0.11064
-6.4E-4
-0.114
-0.02715
0.05639
0.36045
0.4736
0.18548
0.13139
0.06469
0.14723
0.6886
0.71252
0.86047
0.93022
0.87218
0.74932
-0.0961
0.12228
-0.15193
0.04531
0.45942
0.6771
-0.27524
-0.27188
-0.0023
0.15268
0.66047
0.70255
0.29634
0.67959
0.34497
0.14519
-0.19177
0.14299
-0.05721
0.53566
0.61612
-0.20533
-0.11497
0.08736
0.29547
0.40209
-0.35059
0.4017
0.87518
1.13798
0.25835
0.11379
0.54836
-0.02067
-0.15519
-0.05358
0.56551
-0.21503
-0.07779
0.48714
-0.31528
-0.33905
0.20461
-0.00395
-0.00778
0.42014
-0.12493
-0.14481
0.21593
0.1954
-0.08956
0.57909
-0.25325
0.14092
-0.27667
0.03298
0.13315
0.47029
0.55205
0.91438
0.23992
0.2157
0.78287
0.63888
0.27996
-0.08911
0.04827
-0.25077
0.36777
0.68347
0.62506
-0.5221
-0.32407
-0.66956
0.30419
-0.39969
0.29394
-0.28903
-0.23288
-0.03568
-0.27823
0.60368
0.59316
-0.13661
0.43727
0.44951
0.34468
0.63932
0.03552
-0.32774
-0.05127
0.23376
0.79123
0.94966
0.93802
0.82659
0.4295
0.53459
0.04666
0.04762
0.46196
-0.21412
0.63378
0.06053
-0.05525
0.69593
-0.26322
-0.28835
0.37564
0.4846
-0.06721
0.161
0.51525
0.11601
-0.04996
0.04761
0.34608
0.26336
-0.44506
0.52345
0.50831
-0.61675
0.21921
0.79406
0.94526
0.71509
1.03736
0.2252
-0.10391
0.68462
-0.15399
0.64698
0.38529
0.39613
-0.21078
0.45087
-0.1134
0.04665
0.16885
0.64239
-0.28618
-0.25872
-0.13866
-0.17912
0.05606
0.58342
0.2456
-0.38705
0.48875
0.58901
-0.24223
0.49824
-0.48921
0.30133
0.06314
0.89794
0.91545
0.60862
0.36027
0.80021
0.16963
0.04709
-0.05639
0.16378
0.56972
-0.13466
-0.18602
0.68922
0.07911
0.39995
0.95371
0.01465
-0.02895
0.51545
0.57391
0.29655
0.77341
0.47416
0.17344
0.50913
0.44068
0.03412
0.75295
0.74374
-0.1242
0.24593
0.83884
0.45717
0.35225
0.68326
0.24815
-0.03815
0.66121
-0.31598
0.34802
0.46967
-0.21014
-0.34983
-0.15102
0.22447
0.8889
0.75929
0.0177
0.56729
0.02976
0.73618
0.03692
0.30521
0.29968
0.80028
0.59301
0.01829
0.46378
0.17496
0.40133
0.19371
0.00837
0.33274
0.14085
0.42381
0.46657
-0.06344
0.42984
0.64583
0.39431
0.20388
0.2541
0.17481
-0.37328
-0.11815
0.27914
0.46399
0.12662
0.5568
0.45553
0.31517
0.22873
0.48425
0.07278
0.22268
-0.17705
-0.20197
0.59226
0.71584
0.56279
-0.0067
0.56349
0.47361
0.09576
-0.32032
-0.02658
0.11926
-0.37542
0.4869
0.58731
0.48502
-0.01535
-0.21489
0.2475
-0.12845
0.54025
0.52207
0.09504
0.13552
0.35749
0.31138
0.40972
0.24496
0.42083
0.12949
0.52501
0.20698
-0.19302
-0.09971
0.65619
0.66487
0.20642
-0.1676
0.06959
-0.31491
0.05992
-0.41017
-0.41473
-0.32556
0.63356
0.3686
0.02728
0.62473
0.41299
-0.18603
-0.05443
0.2698
0.03876
0.33608
0.11741
-0.28787
0.67527
0.05792
0.55111
0.45213
-0.24845
0.44982
0.25009
-0.34916
-0.04913
-0.33935
0.39366
-0.20483
0.5377
-0.24545
0.65047
0.35327
0.35492
0.35536
0.05596
-0.14406
0.36193
0.33871
0.18997
0.58951
0.28337
0.58478
0.54621
0.5706
-0.36343
0.53389
0.21506
0.61068
0.17414
0.55869
0.54814
0.54373
0.54203
0.53997
-0.15988
0.24163
-0.35614
0.56065
-0.10662
0.39453
-0.26159
0.45649
0.45271
0.35525
0.65445
0.05236
0.34854
-0.05347
-0.24495
0.63551
-0.21552
0.0844
0.48483
0.48587
0.54563
0.16999
-0.16368
0.23358
-0.28672
0.10642
0.37219
0.55927
-0.04851
0.0473
0.64305
0.03829
-0.36294
0.43811
0.54043
0.56125
0.19344
0.19586
0.64022
0.45656
0.65357
0.55093
-0.14871
-0.25267
-0.0557
0.54365
0.2528
0.1321
-0.31395
-0.4148
-0.11373
-0.21319
0.24552
-0.33009
-0.06349
0.53382
0.11177
0.4005
0.46903
0.5626
-0.34666
0.35154
0.54778
0.24071
-0.15936
0.64323
0.54331
0.45307
0.28543
0.08854
-0.36874
0.25063
0.34724
0.34739
0.04738
0.3466
0.04619
-0.15527
0.65178
0.33068
-0.21359
0.58598
-0.41439
0.28581
0.24552
0.56986
0.63654
0.23383
-0.18913
0.49884
0.36758
-0.13831
0.05178
-0.05071
-0.25419
0.5402
0.24017
-0.25711
0.24277
0.65061
0.10997
-0.31519
0.6268
0.24588
0.44251
0.44269
0.64271
0.64245
-0.15766
-0.35767
0.55023
0.5389
-0.0856
-0.112
0.0847
-0.21532
0.5455
-0.33729
0.23801
-0.03727
-0.18438
0.0079
0.4587
0.2568
-0.15026
-0.05134
0.04542
-0.061
-0.16019
0.34215
0.14199
0.44666
-0.34575
0.49945
0.03028
-0.35513
0.34261
-0.35739
0.54261
0.44261
-0.15739
-0.35738
-0.35368
-0.04628
-0.33741
0.50768
-0.39999
0.2
0.14261
-0.15734
-0.05761
0.24202
-0.06123
0.63857
-0.05623
-0.25115
0.14864
-0.05157
0.04536
-0.15981
0.14047
0.24244
-0.15766
0.44257
-0.05741
0.64252
0.0426
0.1426
0.14261
0.34261
0.44261
0.14261
0.54261
0.44262
0.14278
0.04253
0.54083
-0.25932
0.34091
-0.05933
-0.25739
0.54266
-0.0576
0.14203
0.13881
0.43863
0.64379
-0.35109
-0.15177
-0.05198
-0.25505
0.5398
0.2405
-0.35753
0.14237
0.14259
0.54261
0.34266
0.5426
0.4426
-0.35739
0.04261
0.34261
0.14261
0.14261
0.54262
0.64278
0.54257
0.44109
0.44078
0.04082
0.54081
-0.15739
-0.25735
-0.35759
0.54211
0.23896
0.4388
0.14375
-0.15125
-0.35195
-0.15213
-0.25524
0.43985
0.0406
0.04247
-0.35763
-0.35741
0.34261
0.24266
0.5426
0.3426
-0.35739
0.14261
0.04261
-0.15739
-0.15739
0.24262
0.44276
0.34269
0.14165
0.24099
0.6409
-0.25911
0.44261
0.24261
0.44247
0.54262
0.43985
0.53945
0.34315
0.04777
0.44709
0.64689
0.0442
0.04034
-0.25889
-0.05747
-0.35757
0.04259
0.64261
-0.25734
-0.2574
-0.2574
-0.15739
-0.05739
0.54261
-0.05739
0.44261
-0.35738
0.2427
0.64284
0.54292
-0.15827
0.54128
0.04128
